0	0	0	0.0	0.0	0.0	
0	0	0	0.0	0.0	0.0	
0	0	0	0.0	0.0	0.0	
0	0	0	0.0	0.0	0.0	
0	0	0	0.0	0.0	0.0	
0	0	0	0.0	0.0	0.0	
0	0	0	0.0	0.0	0.0	
0	0	0	0.0	0.0	0.0	
0	0	0	0.0	0.0	0.0	
1	91	1	93.48	93.48	1.0	
1	90	1	111.98	111.98	1.0	
1	101	1	93.48	93.48	1.0	
1	100	1	111.98	111.98	1.0	
1	7	1	128.832	128.832	1.0	
1	6	1	121.44	121.44	1.0	
1	5	1	153.12	153.12	1.0	
0	0	0	0.0	0.0	0.0	
2	91	1	101.542	94.48	1.0	
2	90	1	115.872	112.98	1.0	
2	101	1	93.966	93.48	0.333	
2	100	1	112.614	111.98	0.333	
2	7	1	138.336	129.832	1.0	
2	6	1	133.056	122.44	1.0	
2	5	1	163.68	154.12	1.0	
0	0	0	0.0	0.0	0.0	
3	91	1	92.186	94.147	0.333	
3	90	1	103.951	112.647	0.333	
3	101	1	93.804	93.48	0.111	
3	100	1	112.403	111.98	0.111	
3	7	1	114.048	129.498	0.333	
3	6	1	108.768	122.106	0.333	
3	5	1	140.448	153.786	0.333	
0	0	0	0.0	0.0	0.0	
4	91	1	84.86	93.48	0.666	
4	90	1	99.312	111.98	0.666	
4	101	1	93.48	93.48	0.1	
4	100	1	111.98	111.98	0.1	
4	7	1	117.215	128.832	0.666	
4	6	1	110.88	121.44	0.666	
4	5	1	140.448	153.12	0.666	
0	0	0	0.0	0.0	0.0	
5	91	1	96.324	93.702	0.222	
5	90	1	108.311	110.647	1.333	
5	101	1	92.832	93.48	0.1	
5	100	1	111.135	111.98	0.1	
5	7	1	116.159	127.498	1.333	
5	6	1	110.88	120.106	1.333	
5	5	1	143.616	151.786	1.333	
0	0	0	0.0	0.0	0.0	
6	91	1	92.186	93.602	0.1	
6	90	1	101.643	107.98	2.666	
6	101	1	91.537	93.38	0.1	
6	100	1	109.446	111.88	0.1	
6	7	1	114.048	124.832	2.666	
6	6	1	109.824	117.44	2.666	
6	5	1	140.448	149.12	2.666	
0	0	0	0.0	0.0	0.0	
7	91	1	89.767	93.402	0.2	
7	90	1	101.643	102.647	5.333	
7	101	1	88.946	93.18	0.2	
7	100	1	106.067	111.68	0.2	
7	7	1	115.104	119.498	5.333	
7	6	1	109.824	112.106	5.333	
7	5	1	140.448	143.786	5.333	
0	0	0	0.0	0.0	0.0	
8	91	1	92.186	93.002	0.4	
8	90	1	101.643	91.98	10.666	
8	101	1	83.765	92.78	0.4	
8	100	1	99.308	111.28	0.4	
8	7	1	114.048	108.832	10.666	
8	6	1	109.824	101.44	10.666	
8	5	1	140.448	133.12	10.666	
0	0	0	0.0	0.0	0.0	
9	91	1	95.164	93.136	0.133	
9	90	1	104.62	95.536	3.555	
9	101	1	85.492	91.98	0.8	
9	100	1	101.561	110.48	0.8	
9	7	1	114.048	112.387	3.555	
9	6	1	109.824	104.995	3.555	
9	5	1	141.504	136.675	3.555	
0	0	0	0.0	0.0	0.0	
10	91	1	93.302	93.136	0.1	
10	90	1	105.289	102.647	7.111	
10	101	1	88.946	90.38	1.6	
10	100	1	106.066	108.88	1.6	
10	7	1	116.159	119.498	7.111	
10	6	1	110.88	112.106	7.111	
10	5	1	142.56	143.786	7.111	
0	0	0	0.0	0.0	0.0	
11	91	1	92.186	93.136	0.1	
11	90	1	99.312	100.276	2.37	
11	101	1	87.795	87.18	3.2	
11	100	1	104.565	105.68	3.2	
11	7	1	114.048	117.128	2.37	
11	6	1	110.88	109.736	2.37	
11	5	1	140.448	141.416	2.37	
0	0	0	0.0	0.0	0.0	
12	91	1	92.744	93.136	0.1	
12	90	1	102.29	101.067	0.79	
12	101	1	98.676	88.247	1.066	
12	100	1	102.824	99.28	6.4	
12	7	1	115.104	112.387	4.74	
12	6	1	110.88	110.526	0.79	
12	5	1	141.504	141.416	0.79	
0	0	0	0.0	0.0	0.0	
13	91	1	95.744	93.236	0.1	
13	90	1	105.289	102.647	1.58	
13	101	1	97.34	90.38	2.133	
13	100	1	105.065	101.413	2.133	
13	7	1	115.104	113.967	1.58	
13	6	1	110.88	110.526	0.263	
13	5	1	142.56	142.206	0.79	
0	0	0	0.0	0.0	0.0	
14	91	1	87.837	93.136	0.1	
14	90	1	104.62	105.807	3.16	
14	101	1	90.036	90.38	0.711	
14	100	1	105.065	105.68	4.266	
14	7	1	117.215	117.128	3.16	
14	6	1	109.824	110.526	0.1	
14	5	1	141.504	142.206	0.263	
0	0	0	0.0	0.0	0.0	
15	91	1	89.767	92.936	0.2	
15	90	1	101.643	104.754	1.053	
15	101	1	91.744	91.091	0.711	
15	100	1	104.317	104.258	1.422	
15	7	1	115.104	116.074	1.053	
15	6	1	109.824	110.526	0.1	
15	5	1	140.448	141.943	0.263	
0	0	0	0.0	0.0	0.0	
16	91	1	90.302	92.536	0.4	
16	90	1	102.29	102.647	2.106	
16	101	1	91.744	91.091	0.237	
16	100	1	104.317	104.258	0.474	
16	7	1	116.159	116.074	0.351	
16	6	1	110.88	110.526	0.1	
16	5	1	141.504	141.943	0.1	
0	0	0	0.0	0.0	0.0	
17	91	1	92.744	92.536	0.133	
17	90	1	104.62	103.349	0.702	
17	101	1	91.744	91.091	0.1	
17	100	1	104.317	104.258	0.158	
17	7	1	115.104	116.074	0.117	
17	6	1	109.824	110.526	0.1	
17	5	1	141.504	141.943	0.1	
0	0	0	0.0	0.0	0.0	
18	91	1	90.302	92.402	0.133	
18	90	1	102.29	103.115	0.234	
18	101	1	91.744	91.091	0.1	
18	100	1	104.317	104.258	0.1	
18	7	1	116.159	116.074	0.1	
18	6	1	110.88	110.526	0.1	
18	5	1	141.504	141.943	0.1	
0	0	0	0.0	0.0	0.0	
19	91	1	98.766	92.502	0.1	
19	90	1	105.958	103.215	0.1	
19	101	1	92.028	91.091	0.1	
19	100	1	104.38	104.258	0.1	
19	7	1	115.104	116.074	0.1	
19	6	1	111.936	110.626	0.1	
19	5	1	143.616	142.043	0.1	
0	0	0	0.0	0.0	0.0	
20	91	1	85.351	92.402	0.1	
20	90	1	102.29	103.215	0.1	
20	101	1	91.796	91.091	0.1	
20	100	1	104.38	104.258	0.1	
20	7	1	118.272	116.174	0.1	
20	6	1	110.88	110.626	0.1	
20	5	1	141.504	142.043	0.1	
0	0	0	0.0	0.0	0.0	
21	91	1	95.744	92.502	0.1	
21	90	1	102.936	103.215	0.1	
21	101	1	92.028	91.091	0.1	
21	100	1	104.158	104.258	0.1	
21	7	1	115.104	116.074	0.1	
21	6	1	111.936	110.726	0.1	
21	5	1	142.56	142.043	0.1	
0	0	0	0.0	0.0	0.0	
22	91	1	92.744	92.502	0.1	
22	90	1	102.29	103.215	0.1	
22	101	1	92.028	91.091	0.1	
22	100	1	104.158	104.258	0.1	
22	7	1	115.104	116.074	0.1	
22	6	1	110.88	110.726	0.1	
22	5	1	141.504	142.043	0.1	
0	0	0	0.0	0.0	0.0	
23	91	1	92.744	92.502	0.1	
23	90	1	102.29	103.215	0.1	
23	101	1	92.028	91.091	0.1	
23	100	1	104.158	104.258	0.1	
23	7	1	115.104	116.074	0.1	
23	6	1	110.88	110.726	0.1	
23	5	1	141.504	142.043	0.1	
0	0	0	0.0	0.0	0.0	
24	91	1	96.324	92.602	0.1	
24	90	1	110.642	103.315	0.1	
24	101	1	92.312	91.191	0.1	
24	100	1	104.443	104.258	0.1	
24	7	1	116.159	116.074	0.1	
24	6	1	109.824	110.726	0.1	
24	5	1	143.616	142.143	0.1	
0	0	0	0.0	0.0	0.0	
25	91	1	101.186	92.802	0.2	
25	90	1	108.311	103.515	0.2	
25	101	1	93.113	91.391	0.2	
25	100	1	105.012	104.258	0.1	
25	7	1	114.048	115.974	0.1	
25	6	1	110.88	110.726	0.1	
25	5	1	143.616	142.343	0.2	
0	0	0	0.0	0.0	0.0	
26	91	1	99.368	93.202	0.4	
26	90	1	111.356	103.915	0.4	
26	101	1	94.254	91.791	0.4	
26	100	1	106.152	104.358	0.1	
26	7	1	116.159	115.974	0.1	
26	6	1	110.88	110.726	0.1	
26	5	1	144.672	142.743	0.4	
0	0	0	0.0	0.0	0.0	
27	91	1	85.351	93.069	0.133	
27	90	1	106.929	104.715	0.8	
27	101	1	93.641	92.591	0.8	
27	100	1	105.993	104.558	0.2	
27	7	1	118.272	116.074	0.1	
27	6	1	108.768	110.626	0.1	
27	5	1	141.504	142.609	0.133	
0	0	0	0.0	0.0	0.0	
28	91	1	90.302	92.802	0.266	
28	90	1	106.929	106.315	1.6	
28	101	1	92.881	92.591	0.266	
28	100	1	105.675	104.958	0.4	
28	7	1	116.159	116.074	0.1	
28	6	1	108.768	110.426	0.2	
28	5	1	141.504	142.343	0.266	
0	0	0	0.0	0.0	0.0	
29	91	1	95.744	92.902	0.1	
29	90	1	109.928	109.515	3.2	
29	101	1	92.881	92.591	0.1	
29	100	1	106.557	105.758	0.8	
29	7	1	115.104	116.074	0.1	
29	6	1	108.768	110.026	0.4	
29	5	1	142.56	142.343	0.1	
0	0	0	0.0	0.0	0.0	
30	91	1	98.766	93.102	0.2	
30	90	1	110.642	115.915	6.4	
30	101	1	93.166	92.591	0.1	
30	100	1	106.842	107.358	1.6	
30	7	1	115.104	116.074	0.1	
30	6	1	109.824	110.026	0.133	
30	5	1	143.616	142.443	0.1	
0	0	0	0.0	0.0	0.0	
31	91	1	92.744	93.102	0.1	
31	90	1	104.62	113.782	2.133	
31	101	1	93.166	92.591	0.1	
31	100	1	106.842	107.358	0.533	
31	7	1	115.104	116.074	0.1	
31	6	1	109.824	110.026	0.1	
31	5	1	141.504	142.443	0.1	
0	0	0	0.0	0.0	0.0	
32	91	1	96.324	93.202	0.1	
32	90	1	108.311	109.515	4.266	
32	101	1	93.451	92.591	0.1	
32	100	1	107.127	107.358	0.177	
32	7	1	116.159	116.074	0.1	
32	6	1	110.88	110.026	0.1	
32	5	1	143.616	142.543	0.1	
0	0	0	0.0	0.0	0.0	
33	91	1	99.368	93.402	0.2	
33	90	1	113.686	110.937	1.422	
33	101	1	94.022	92.691	0.1	
33	100	1	107.697	107.358	0.1	
33	7	1	116.159	116.074	0.1	
33	6	1	109.824	110.026	0.1	
33	5	1	144.672	142.743	0.2	
0	0	0	0.0	0.0	0.0	
34	91	1	95.744	93.802	0.4	
34	90	1	107.62	110.463	0.474	
34	101	1	94.022	92.891	0.2	
34	100	1	107.697	107.358	0.1	
34	7	1	115.104	116.074	0.1	
34	6	1	109.824	110.026	0.1	
34	5	1	142.56	142.743	0.1	
0	0	0	0.0	0.0	0.0	
35	91	1	89.767	93.669	0.133	
35	90	1	99.312	109.515	0.948	
35	101	1	93.736	92.891	0.1	
35	100	1	107.412	107.358	0.1	
35	7	1	115.104	116.074	0.1	
35	6	1	110.88	110.026	0.1	
35	5	1	140.448	142.643	0.1	
0	0	0	0.0	0.0	0.0	
36	91	1	87.324	93.402	0.266	
36	90	1	99.312	107.619	1.896	
36	101	1	93.166	92.891	0.1	
36	100	1	106.842	107.358	0.1	
36	7	1	116.159	116.074	0.1	
36	6	1	110.88	110.026	0.1	
36	5	1	140.448	142.443	0.2	
0	0	0	0.0	0.0	0.0	
37	91	1	89.767	92.869	0.533	
37	90	1	96.959	103.826	3.792	
37	101	1	92.028	92.891	0.1	
37	100	1	105.484	107.258	0.1	
37	7	1	115.104	116.074	0.1	
37	6	1	111.936	110.126	0.1	
37	5	1	140.448	142.043	0.4	
0	0	0	0.0	0.0	0.0	
38	91	1	89.767	91.802	1.066	
38	90	1	99.312	96.241	7.585	
38	101	1	89.762	92.791	0.1	
38	100	1	103.217	107.058	0.2	
38	7	1	115.104	116.074	0.1	
38	6	1	110.88	110.126	0.1	
38	5	1	140.448	141.243	0.8	
0	0	0	0.0	0.0	0.0	
39	91	1	86.811	89.669	2.133	
39	90	1	94.004	81.071	15.17	
39	101	1	85.268	92.591	0.2	
39	100	1	98.503	106.658	0.4	
39	7	1	115.104	116.074	0.1	
39	6	1	111.936	110.226	0.1	
39	5	1	139.392	139.643	1.6	
0	0	0	0.0	0.0	0.0	
40	91	1	92.744	90.38	0.711	
40	90	1	99.937	86.127	5.056	
40	101	1	86.76	92.191	0.4	
40	100	1	99.554	105.858	0.8	
40	7	1	115.104	116.074	0.1	
40	6	1	111.936	110.426	0.2	
40	5	1	141.504	140.176	0.533	
0	0	0	0.0	0.0	0.0	
41	91	1	89.767	90.38	0.237	
41	90	1	96.959	96.241	10.113	
41	101	1	86.76	91.391	0.8	
41	100	1	98.669	104.258	1.6	
41	7	1	115.104	116.074	0.1	
41	6	1	111.936	110.826	0.4	
41	5	1	140.448	140.176	0.177	
0	0	0	0.0	0.0	0.0	
42	91	1	86.811	90.143	0.237	
42	90	1	94.004	92.87	3.371	
42	101	1	86.76	89.791	1.6	
42	100	1	96.889	101.058	3.2	
42	7	1	115.104	116.074	0.1	
42	6	1	111.936	111.626	0.8	
42	5	1	139.392	140.176	0.1	
0	0	0	0.0	0.0	0.0	
43	91	1	86.299	89.669	0.474	
43	90	1	91.071	86.127	6.742	
43	101	1	86.712	86.591	3.2	
43	100	1	96.609	94.658	6.4	
43	7	1	114.048	115.974	0.1	
43	6	1	111.936	111.626	0.266	
43	5	1	138.336	140.076	0.1	
0	0	0	0.0	0.0	0.0	
44	91	1	90.302	89.669	0.158	
44	90	1	102.29	88.375	2.247	
44	101	1	86.992	86.591	1.066	
44	100	1	96.889	96.791	2.133	
44	7	1	116.159	115.974	0.1	
44	6	1	110.88	111.626	0.1	
44	5	1	141.504	140.176	0.1	
0	0	0	0.0	0.0	0.0	
45	91	1	90.302	89.669	0.1	
45	90	1	102.29	92.87	4.494	
45	101	1	87.553	86.591	0.355	
45	100	1	97.45	96.791	0.711	
45	7	1	116.159	115.974	0.1	
45	6	1	110.88	111.626	0.1	
45	5	1	141.504	140.376	0.2	
0	0	0	0.0	0.0	0.0	
46	91	1	87.324	89.569	0.1	
46	90	1	99.312	101.86	8.989	
46	101	1	87.553	86.591	0.118	
46	100	1	97.45	96.791	0.237	
46	7	1	116.159	115.974	0.1	
46	6	1	110.88	111.626	0.1	
46	5	1	140.448	140.376	0.1	
0	0	0	0.0	0.0	0.0	
47	91	1	90.302	89.569	0.1	
47	90	1	102.29	101.86	2.996	
47	101	1	87.834	86.71	0.118	
47	100	1	97.731	96.791	0.1	
47	7	1	116.159	115.974	0.1	
47	6	1	110.88	111.626	0.1	
47	5	1	141.504	140.476	0.1	
0	0	0	0.0	0.0	0.0	
48	91	1	87.324	89.469	0.1	
48	90	1	101.643	101.86	0.998	
48	101	1	87.834	86.947	0.237	
48	100	1	97.954	96.891	0.1	
48	7	1	116.159	115.974	0.1	
48	6	1	109.824	111.526	0.1	
48	5	1	140.448	140.476	0.1	
0	0	0	0.0	0.0	0.0	
49	91	1	84.86	89.269	0.2	
49	90	1	103.951	102.858	0.998	
49	101	1	87.602	86.947	0.1	
49	100	1	98.4	97.091	0.2	
49	7	1	117.215	116.074	0.1	
49	6	1	108.768	111.326	0.2	
49	5	1	140.448	140.476	0.1	
0	0	0	0.0	0.0	0.0	
50	91	1	90.302	89.369	0.1	
50	90	1	104.62	104.856	1.997	
50	101	1	87.883	86.947	0.1	
50	100	1	99.57	97.491	0.4	
50	7	1	116.159	116.074	0.1	
50	6	1	109.824	110.926	0.4	
50	5	1	141.504	140.576	0.1	
0	0	0	0.0	0.0	0.0	
51	91	1	92.186	89.569	0.2	
51	90	1	103.951	104.856	0.665	
51	101	1	88.115	87.047	0.1	
51	100	1	101.338	98.291	0.8	
51	7	1	114.048	115.974	0.1	
51	6	1	108.768	110.126	0.8	
51	5	1	140.448	140.576	0.1	
0	0	0	0.0	0.0	0.0	
52	91	1	84.86	89.469	0.1	
52	90	1	103.951	104.856	0.221	
52	101	1	87.883	87.047	0.1	
52	100	1	104.837	99.891	1.6	
52	7	1	117.215	116.074	0.1	
52	6	1	108.768	108.526	1.6	
52	5	1	140.448	140.576	0.1	
0	0	0	0.0	0.0	0.0	
53	91	1	84.369	89.269	0.2	
53	90	1	98.688	104.634	0.221	
53	101	1	87.602	87.047	0.1	
53	100	1	103.395	103.091	3.2	
53	7	1	116.159	116.074	0.1	
53	6	1	109.824	109.059	0.533	
53	5	1	139.392	140.476	0.1	
0	0	0	0.0	0.0	0.0	
54	91	1	87.324	88.869	0.4	
54	90	1	101.643	104.19	0.443	
54	101	1	87.602	87.047	0.1	
54	100	1	103.395	103.091	1.066	
54	7	1	116.159	116.074	0.1	
54	6	1	109.824	109.059	0.177	
54	5	1	140.448	140.476	0.1	
0	0	0	0.0	0.0	0.0	
55	91	1	84.86	88.069	0.8	
55	90	1	101.643	103.302	0.887	
55	101	1	87.37	87.047	0.1	
55	100	1	103.395	103.091	0.355	
55	7	1	117.215	116.174	0.1	
55	6	1	109.824	109.059	0.1	
55	5	1	140.448	140.476	0.1	
0	0	0	0.0	0.0	0.0	
56	91	1	84.369	86.469	1.6	
56	90	1	96.357	101.527	1.775	
56	101	1	87.089	87.047	0.1	
56	100	1	102.896	103.091	0.118	
56	7	1	116.159	116.174	0.1	
56	6	1	110.88	109.159	0.1	
56	5	1	139.392	140.376	0.1	
0	0	0	0.0	0.0	0.0	
57	91	1	92.744	87.002	0.533	
57	90	1	102.29	101.527	0.591	
57	101	1	87.602	87.047	0.1	
57	100	1	102.74	103.091	0.1	
57	7	1	115.104	116.074	0.1	
57	6	1	110.88	109.359	0.2	
57	5	1	141.504	140.476	0.1	
0	0	0	0.0	0.0	0.0	
58	91	1	95.164	88.069	1.066	
58	90	1	102.29	101.527	0.197	
58	101	1	88.628	87.147	0.1	
58	100	1	102.426	103.091	0.1	
58	7	1	114.048	115.874	0.2	
58	6	1	110.88	109.759	0.4	
58	5	1	141.504	140.676	0.2	
0	0	0	0.0	0.0	0.0	
59	91	1	89.767	90.202	2.133	
59	90	1	101.643	101.527	0.1	
59	101	1	88.628	87.347	0.2	
59	100	1	102.426	103.091	0.1	
59	7	1	115.104	115.874	0.1	
59	6	1	109.824	109.759	0.133	
59	5	1	140.448	140.676	0.1	
0	0	0	0.0	0.0	0.0	
60	91	1	87.324	89.491	0.711	
60	90	1	99.312	101.427	0.1	
60	101	1	88.628	87.747	0.4	
60	100	1	102.133	103.091	0.1	
60	7	1	116.159	115.874	0.1	
60	6	1	110.88	109.893	0.133	
60	5	1	140.448	140.676	0.1	
0	0	0	0.0	0.0	0.0	
61	91	1	86.811	88.069	1.422	
61	90	1	98.688	101.227	0.2	
61	101	1	88.347	87.747	0.133	
61	100	1	101.852	102.991	0.1	
61	7	1	115.104	115.874	0.1	
61	6	1	109.824	109.893	0.1	
61	5	1	139.392	140.576	0.1	
0	0	0	0.0	0.0	0.0	
62	91	1	87.324	88.069	0.474	
62	90	1	99.312	100.827	0.4	
62	101	1	88.347	87.747	0.1	
62	100	1	101.852	102.791	0.2	
62	7	1	116.159	115.874	0.1	
62	6	1	110.88	109.893	0.1	
62	5	1	140.448	140.576	0.1	
0	0	0	0.0	0.0	0.0	
63	91	1	89.767	88.543	0.474	
63	90	1	101.643	100.827	0.133	
63	101	1	88.347	87.747	0.1	
63	100	1	101.852	102.791	0.1	
63	7	1	115.104	115.874	0.1	
63	6	1	109.824	109.893	0.1	
63	5	1	140.448	140.576	0.1	
0	0	0	0.0	0.0	0.0	
64	91	1	89.767	89.491	0.948	
64	90	1	101.643	100.827	0.1	
64	101	1	88.347	87.747	0.1	
64	100	1	101.852	102.791	0.1	
64	7	1	115.104	115.874	0.1	
64	6	1	109.824	109.893	0.1	
64	5	1	140.448	140.576	0.1	
0	0	0	0.0	0.0	0.0	
65	91	1	92.744	91.387	1.896	
65	90	1	102.29	100.927	0.1	
65	101	1	88.347	87.747	0.1	
65	100	1	101.852	102.791	0.1	
65	7	1	115.104	115.874	0.1	
65	6	1	110.88	109.893	0.1	
65	5	1	141.504	140.576	0.1	
0	0	0	0.0	0.0	0.0	
66	91	1	90.302	90.755	0.632	
66	90	1	102.29	101.127	0.2	
66	101	1	88.347	87.747	0.1	
66	100	1	101.852	102.791	0.1	
66	7	1	116.159	115.874	0.1	
66	6	1	110.88	109.893	0.1	
66	5	1	141.504	140.576	0.1	
0	0	0	0.0	0.0	0.0	
67	91	1	84.86	89.491	1.264	
67	90	1	99.312	101.027	0.1	
67	101	1	88.115	87.747	0.1	
67	100	1	101.852	102.791	0.1	
67	7	1	117.215	115.974	0.1	
67	6	1	110.88	109.893	0.1	
67	5	1	140.448	140.576	0.1	
0	0	0	0.0	0.0	0.0	
68	91	1	92.744	89.912	0.421	
68	90	1	104.62	101.127	0.1	
68	101	1	88.115	87.747	0.1	
68	100	1	101.852	102.791	0.1	
68	7	1	115.104	115.974	0.1	
68	6	1	109.824	109.893	0.1	
68	5	1	141.504	140.576	0.1	
0	0	0	0.0	0.0	0.0	
69	91	1	90.302	89.912	0.14	
69	90	1	104.62	101.327	0.2	
69	101	1	88.115	87.747	0.1	
69	100	1	101.852	102.791	0.1	
69	7	1	116.159	115.974	0.1	
69	6	1	109.824	109.893	0.1	
69	5	1	141.504	140.576	0.1	
0	0	0	0.0	0.0	0.0	
70	91	1	93.302	90.053	0.14	
70	90	1	109.928	101.727	0.4	
70	101	1	88.396	87.747	0.1	
70	100	1	102.353	102.791	0.1	
70	7	1	116.159	115.974	0.1	
70	6	1	108.768	109.793	0.1	
70	5	1	142.56	140.676	0.1	
0	0	0	0.0	0.0	0.0	
71	91	1	90.302	90.053	0.1	
71	90	1	102.29	101.727	0.133	
71	101	1	88.396	87.747	0.1	
71	100	1	102.133	102.791	0.1	
71	7	1	116.159	115.974	0.1	
71	6	1	110.88	109.893	0.1	
71	5	1	141.504	140.676	0.1	
0	0	0	0.0	0.0	0.0	
72	91	1	90.302	90.053	0.1	
72	90	1	104.62	101.86	0.133	
72	101	1	88.396	87.747	0.1	
72	100	1	102.133	102.791	0.1	
72	7	1	116.159	115.974	0.1	
72	6	1	109.824	109.893	0.1	
72	5	1	141.504	140.676	0.1	
0	0	0	0.0	0.0	0.0	
73	91	1	77.333	89.953	0.1	
73	90	1	101.643	101.86	0.1	
73	101	1	88.164	87.747	0.1	
73	100	1	102.133	102.791	0.1	
73	7	1	120.384	116.074	0.1	
73	6	1	109.824	109.893	0.1	
73	5	1	140.448	140.676	0.1	
0	0	0	0.0	0.0	0.0	
73	91	1	77.333	89.953	0.1	
73	90	1	101.643	101.86	0.1	
73	101	1	88.164	87.747	0.1	
73	100	1	102.133	102.791	0.1	
74	7	1	78.144	115.974	0.1	
74	6	1	82.368	109.793	0.1	
73	5	1	140.448	140.676	0.1	
0	0	0	0.0	0.0	0.0	
75	91	1	46.8	89.753	0.2	
75	90	1	47.882	101.76	0.1	
75	101	1	88.579	87.747	0.1	
75	100	1	102.51	102.791	0.1	
75	7	1	51.744	115.774	0.2	
75	6	1	50.688	109.593	0.2	
75	5	1	69.696	140.576	0.1	
0	0	0	0.0	0.0	0.0	
76	91	1	45.696	89.353	0.4	
76	90	1	47.882	101.56	0.2	
76	101	1	88.941	87.847	0.1	
76	100	1	102.823	102.791	0.1	
76	7	1	52.8	115.374	0.4	
76	6	1	50.688	109.193	0.4	
76	5	1	69.696	140.376	0.2	
0	0	0	0.0	0.0	0.0	
77	91	1	43.901	88.553	0.8	
77	90	1	44.983	101.16	0.4	
77	101	1	89.66	88.047	0.2	
77	100	1	103.443	102.791	0.1	
77	7	1	51.744	114.574	0.8	
77	6	1	50.688	108.393	0.8	
77	5	1	67.584	139.976	0.4	
0	0	0	0.0	0.0	0.0	
78	91	1	46.421	86.953	1.6	
78	90	1	46.421	100.36	0.8	
78	101	1	91.067	88.447	0.4	
78	100	1	104.653	102.891	0.1	
78	7	1	50.688	112.974	1.6	
78	6	1	50.688	106.793	1.6	
78	5	1	68.64	139.176	0.8	
0	0	0	0.0	0.0	0.0	
79	91	1	50.425	83.753	3.2	
79	90	1	49.365	98.76	1.6	
79	101	1	93.767	89.247	0.8	
79	100	1	106.957	103.091	0.2	
79	7	1	49.632	109.774	3.2	
79	6	1	50.688	103.593	3.2	
79	5	1	70.752	137.576	1.6	
0	0	0	0.0	0.0	0.0	
80	91	1	46.8	77.353	6.4	
80	90	1	48.941	95.56	3.2	
80	101	1	98.706	90.847	1.6	
80	100	1	111.105	103.491	0.4	
80	7	1	51.744	103.374	6.4	
80	6	1	49.632	97.193	6.4	
80	5	1	69.696	134.376	3.2	
0	0	0	0.0	0.0	0.0	
81	91	1	46.8	64.553	12.8	
81	90	1	47.882	89.16	6.4	
81	101	1	106.741	94.047	3.2	
81	100	1	117.557	104.291	0.8	
81	7	1	51.744	90.574	12.8	
81	6	1	50.688	84.393	12.8	
81	5	1	69.696	127.976	6.4	
0	0	0	0.0	0.0	0.0	
82	91	1	48.284	38.953	25.6	
82	90	1	50.425	76.36	12.8	
82	101	1	115.438	100.447	6.4	
82	100	1	123.089	105.891	1.6	
82	7	1	51.744	64.974	25.6	
82	6	1	49.632	58.793	25.6	
82	5	1	70.752	115.176	12.8	
0	0	0	0.0	0.0	0.0	
83	91	1	46.8	47.486	8.533	
83	90	1	48.941	50.76	25.6	
83	101	1	102.996	113.247	12.8	
83	100	1	104.466	105.358	0.533	
83	7	1	51.744	14.974	50.0	
83	6	1	49.632	8.793	50.0	
83	5	1	69.696	89.576	25.6	
0	0	0	0.0	0.0	0.0	
84	91	1	46.8	47.486	2.844	
84	90	1	48.941	1.0	50.0	
84	101	1	30.651	108.98	4.266	
84	100	1	34.18	104.291	1.066	
84	7	1	51.744	31.641	16.666	
84	6	1	49.632	25.459	16.666	
84	5	1	69.696	39.576	50.0	
0	0	0	0.0	0.0	0.0	
85	91	1	45.696	44.642	2.844	
85	90	1	48.941	17.666	16.666	
85	101	1	14.415	100.447	8.533	
85	100	1	22.066	102.158	2.133	
85	7	1	52.8	64.974	33.333	
85	6	1	49.632	58.793	33.333	
85	5	1	69.696	56.243	16.666	
0	0	0	0.0	0.0	0.0	
86	91	1	47.18	45.59	0.948	
86	90	1	50.425	51.0	33.333	
86	101	1	76.226	83.38	17.066	
86	100	1	82.503	97.891	4.266	
86	7	1	52.8	53.863	11.111	
86	6	1	49.632	47.681	11.111	
86	5	1	70.752	89.576	33.333	
0	0	0	0.0	0.0	0.0	
87	91	1	45.696	45.59	0.316	
87	90	1	48.941	39.888	11.111	
87	101	1	76.556	49.247	34.133	
87	100	1	60.163	89.358	8.533	
87	7	1	52.8	31.641	22.222	
87	6	1	49.632	51.385	3.703	
87	5	1	69.696	78.465	11.111	
0	0	0	0.0	0.0	0.0	
88	91	1	45.696	45.59	0.105	
88	90	1	47.882	43.592	3.703	
88	101	1	41.384	1.0	50.0	
88	100	1	30.227	72.291	17.066	
88	7	1	52.8	39.048	7.407	
88	6	1	50.688	51.385	1.234	
88	5	1	69.696	56.243	22.222	
0	0	0	0.0	0.0	0.0	
89	91	1	46.8	45.695	0.105	
89	90	1	46.8	51.0	7.407	
89	101	1	36.5	17.666	16.666	
89	100	1	39.108	38.158	34.133	
89	7	1	51.744	53.863	14.814	
89	6	1	51.744	51.385	0.411	
89	5	1	69.696	63.65	7.407	
0	0	0	0.0	0.0	0.0	
90	91	1	46.8	45.906	0.21	
90	90	1	46.8	48.53	2.469	
90	101	1	62.631	51.0	33.333	
90	100	1	60.163	49.536	11.377	
90	7	1	51.744	48.925	4.938	
90	6	1	51.744	51.385	0.137	
90	5	1	69.696	78.465	14.814	
0	0	0	0.0	0.0	0.0	
91	91	1	45.696	45.906	0.1	
91	90	1	46.8	43.592	4.938	
91	101	1	53.487	101.0	50.0	
91	100	1	52.657	72.291	22.755	
91	7	1	52.8	50.571	1.646	
91	6	1	51.744	51.385	0.1	
91	5	1	69.696	73.527	4.938	
0	0	0	0.0	0.0	0.0	
92	91	1	45.696	45.906	0.1	
92	90	1	46.8	45.238	1.646	
92	101	1	36.5	84.333	16.666	
92	100	1	39.108	64.706	7.585	
92	7	1	52.8	53.863	3.292	
92	6	1	51.744	51.385	0.1	
92	5	1	69.696	63.65	9.876	
0	0	0	0.0	0.0	0.0	
93	91	1	47.18	46.006	0.1	
93	90	1	49.365	48.53	3.292	
93	101	1	41.97	51.0	33.333	
93	100	1	43.408	49.536	15.17	
93	7	1	52.8	52.766	1.097	
93	6	1	50.688	51.385	0.1	
93	5	1	70.752	66.942	3.292	
0	0	0	0.0	0.0	0.0	
94	91	1	46.8	46.006	0.1	
94	90	1	46.8	47.433	1.097	
94	101	1	53.487	62.111	11.111	
94	100	1	52.657	54.592	5.056	
94	7	1	51.744	50.571	2.194	
94	6	1	51.744	51.385	0.1	
94	5	1	69.696	73.527	6.584	
0	0	0	0.0	0.0	0.0	
95	91	1	45.34	46.006	0.1	
95	90	1	44.236	45.238	2.194	
95	101	1	49.562	58.407	3.703	
95	100	1	49.375	52.907	1.685	
95	7	1	51.744	51.303	0.731	
95	6	1	52.8	51.485	0.1	
95	5	1	68.64	71.332	2.194	
0	0	0	0.0	0.0	0.0	
96	91	1	48.941	46.106	0.1	
96	90	1	46.8	45.97	0.731	
96	101	1	43.742	51.0	7.407	
96	100	1	43.305	49.536	3.371	
96	7	1	49.632	51.059	0.243	
96	6	1	51.744	51.485	0.1	
96	5	1	69.696	66.942	4.389	
0	0	0	0.0	0.0	0.0	
97	91	1	45.34	46.106	0.1	
97	90	1	46.421	45.97	0.243	
97	101	1	45.723	36.185	14.814	
97	100	1	45.285	42.793	6.742	
97	7	1	51.744	51.059	0.1	
97	6	1	50.688	51.485	0.1	
97	5	1	68.64	68.405	1.463	
0	0	0	0.0	0.0	0.0	
98	91	1	46.421	46.106	0.1	
98	90	1	44.236	45.726	0.243	
98	101	1	45.723	41.123	4.938	
98	100	1	45.182	45.041	2.247	
98	7	1	50.688	51.059	0.1	
98	6	1	52.8	51.585	0.1	
98	5	1	68.64	68.405	0.487	
0	0	0	0.0	0.0	0.0	
99	91	1	46.8	46.106	0.1	
99	90	1	46.8	45.826	0.1	
99	101	1	46.392	51.0	9.876	
99	100	1	45.852	45.041	0.749	
99	7	1	51.744	51.059	0.1	
99	6	1	51.744	51.585	0.1	
99	5	1	69.696	68.893	0.487	
0	0	0	0.0	0.0	0.0	
100	91	1	49.365	46.206	0.1	
100	90	1	48.284	46.026	0.2	
100	101	1	47.746	47.707	3.292	
100	100	1	47.205	45.79	0.749	
100	7	1	50.688	51.059	0.1	
100	6	1	51.744	51.585	0.1	
100	5	1	70.752	69.869	0.975	
0	0	0	0.0	0.0	0.0	
101	91	1	47.882	46.406	0.2	
101	90	1	47.882	46.426	0.4	
101	101	1	47.746	47.707	1.097	
101	100	1	47.205	47.288	1.498	
101	7	1	50.688	51.059	0.1	
101	6	1	50.688	51.585	0.1	
101	5	1	69.696	69.869	0.325	
0	0	0	0.0	0.0	0.0	
102	91	1	46.8	46.406	0.1	
102	90	1	47.882	47.226	0.8	
102	101	1	47.746	47.707	0.365	
102	100	1	47.205	47.288	0.499	
102	7	1	51.744	51.059	0.1	
102	6	1	50.688	51.585	0.1	
102	5	1	69.696	69.869	0.108	
0	0	0	0.0	0.0	0.0	
103	91	1	48.284	46.506	0.1	
103	90	1	50.425	48.826	1.6	
103	101	1	47.746	47.707	0.121	
103	100	1	47.309	47.288	0.166	
103	7	1	51.744	51.059	0.1	
103	6	1	49.632	51.485	0.1	
103	5	1	70.752	69.869	0.1	
0	0	0	0.0	0.0	0.0	
104	91	1	47.18	46.506	0.1	
104	90	1	50.425	52.026	3.2	
104	101	1	47.644	47.707	0.1	
104	100	1	47.514	47.288	0.1	
104	7	1	52.8	51.159	0.1	
104	6	1	49.632	51.285	0.2	
104	5	1	70.752	69.869	0.1	
0	0	0	0.0	0.0	0.0	
105	91	1	45.696	46.506	0.1	
105	90	1	46.8	50.959	1.066	
105	101	1	47.439	47.707	0.1	
105	100	1	47.514	47.288	0.1	
105	7	1	52.8	51.359	0.2	
105	6	1	51.744	51.285	0.1	
105	5	1	69.696	69.869	0.1	
0	0	0	0.0	0.0	0.0	
106	91	1	46.8	46.506	0.1	
106	90	1	48.941	48.826	2.133	
106	101	1	47.439	47.707	0.1	
106	100	1	47.617	47.288	0.1	
106	7	1	51.744	51.359	0.1	
106	6	1	49.632	51.185	0.1	
106	5	1	69.696	69.869	0.1	
0	0	0	0.0	0.0	0.0	
107	91	1	48.284	46.606	0.1	
107	90	1	50.425	49.537	0.711	
107	101	1	47.439	47.707	0.1	
107	100	1	47.821	47.288	0.1	
107	7	1	51.744	51.359	0.1	
107	6	1	49.632	50.985	0.2	
107	5	1	70.752	69.869	0.1	
0	0	0	0.0	0.0	0.0	
108	91	1	45.696	46.606	0.1	
108	90	1	48.941	49.537	0.237	
108	101	1	47.336	47.707	0.1	
108	100	1	48.227	47.288	0.1	
108	7	1	52.8	51.459	0.1	
108	6	1	49.632	50.585	0.4	
108	5	1	69.696	69.869	0.1	
0	0	0	0.0	0.0	0.0	
109	91	1	44.57	46.506	0.1	
109	90	1	45.696	49.3	0.237	
109	101	1	47.13	47.707	0.1	
109	100	1	48.092	47.288	0.1	
109	7	1	53.856	51.659	0.2	
109	6	1	52.8	50.719	0.133	
109	5	1	69.696	69.869	0.1	
0	0	0	0.0	0.0	0.0	
110	91	1	49.365	46.606	0.1	
110	90	1	50.425	49.4	0.1	
110	101	1	47.13	47.707	0.1	
110	100	1	48.193	47.288	0.1	
110	7	1	50.688	51.659	0.1	
110	6	1	49.632	50.619	0.1	
110	5	1	70.752	69.869	0.1	
0	0	0	0.0	0.0	0.0	
111	91	1	45.696	46.606	0.1	
111	90	1	47.882	49.3	0.1	
111	101	1	47.026	47.707	0.1	
111	100	1	48.193	47.288	0.1	
111	7	1	52.8	51.759	0.1	
111	6	1	50.688	50.619	0.1	
111	5	1	69.696	69.869	0.1	
0	0	0	0.0	0.0	0.0	
112	91	1	46.8	46.606	0.1	
112	90	1	48.941	49.3	0.1	
112	101	1	47.026	47.707	0.1	
112	100	1	48.193	47.288	0.1	
112	7	1	51.744	51.759	0.1	
112	6	1	49.632	50.619	0.1	
112	5	1	69.696	69.869	0.1	
0	0	0	0.0	0.0	0.0	
113	91	1	49.365	46.706	0.1	
113	90	1	49.365	49.3	0.1	
113	101	1	47.13	47.707	0.1	
113	100	1	48.193	47.288	0.1	
113	7	1	50.688	51.659	0.1	
113	6	1	50.688	50.619	0.1	
113	5	1	70.752	69.869	0.1	
0	0	0	0.0	0.0	0.0	
114	91	1	49.365	46.906	0.2	
114	90	1	49.365	49.3	0.1	
114	101	1	47.13	47.707	0.1	
114	100	1	48.193	47.288	0.1	
114	7	1	50.688	51.659	0.1	
114	6	1	50.688	50.619	0.1	
114	5	1	70.752	69.869	0.1	
0	0	0	0.0	0.0	0.0	
115	91	1	47.882	46.906	0.1	
115	90	1	48.941	49.3	0.1	
115	101	1	47.13	47.707	0.1	
115	100	1	48.193	47.288	0.1	
115	7	1	50.688	51.659	0.1	
115	6	1	49.632	50.619	0.1	
115	5	1	69.696	69.869	0.1	
0	0	0	0.0	0.0	0.0	
116	91	1	47.882	46.906	0.1	
116	90	1	48.941	49.3	0.1	
116	101	1	47.13	47.707	0.1	
116	100	1	48.193	47.288	0.1	
116	7	1	50.688	51.659	0.1	
116	6	1	49.632	50.619	0.1	
116	5	1	69.696	69.869	0.1	
0	0	0	0.0	0.0	0.0	
117	91	1	49.365	47.006	0.1	
117	90	1	50.425	49.4	0.1	
117	101	1	47.13	47.707	0.1	
117	100	1	48.193	47.288	0.1	
117	7	1	50.688	51.659	0.1	
117	6	1	49.632	50.619	0.1	
117	5	1	70.752	69.869	0.1	
0	0	0	0.0	0.0	0.0	
118	91	1	50.425	47.206	0.2	
118	90	1	50.425	49.6	0.2	
118	101	1	47.233	47.707	0.1	
118	100	1	48.193	47.288	0.1	
118	7	1	49.632	51.559	0.1	
118	6	1	49.632	50.619	0.1	
118	5	1	70.752	69.869	0.1	
0	0	0	0.0	0.0	0.0	
119	91	1	49.365	47.606	0.4	
119	90	1	49.365	49.6	0.1	
119	101	1	47.233	47.707	0.1	
119	100	1	48.193	47.288	0.1	
119	7	1	50.688	51.559	0.1	
119	6	1	50.688	50.619	0.1	
119	5	1	70.752	69.869	0.1	
0	0	0	0.0	0.0	0.0	
120	91	1	50.425	48.406	0.8	
120	90	1	50.425	49.6	0.1	
120	101	1	47.336	47.707	0.1	
120	100	1	48.193	47.288	0.1	
120	7	1	49.632	51.459	0.1	
120	6	1	49.632	50.619	0.1	
120	5	1	70.752	69.869	0.1	
0	0	0	0.0	0.0	0.0	
121	91	1	48.284	48.406	0.266	
121	90	1	49.365	49.6	0.1	
121	101	1	47.336	47.707	0.1	
121	100	1	48.193	47.288	0.1	
121	7	1	51.744	51.459	0.1	
121	6	1	50.688	50.619	0.1	
121	5	1	70.752	69.869	0.1	
0	0	0	0.0	0.0	0.0	
122	91	1	49.789	48.673	0.266	
122	90	1	52.967	49.7	0.1	
122	101	1	47.476	47.707	0.1	
122	100	1	48.434	47.388	0.1	
122	7	1	51.744	51.459	0.1	
122	6	1	48.576	50.519	0.1	
122	5	1	71.808	69.969	0.1	
0	0	0	0.0	0.0	0.0	
123	91	1	50.871	49.206	0.533	
123	90	1	51.93	49.9	0.2	
123	101	1	47.756	47.707	0.1	
123	100	1	48.715	47.588	0.2	
123	7	1	50.688	51.459	0.1	
123	6	1	49.632	50.519	0.1	
123	5	1	71.808	70.169	0.2	
0	0	0	0.0	0.0	0.0	
124	91	1	50.871	50.273	1.066	
124	90	1	51.93	50.3	0.4	
124	101	1	48.319	47.707	0.1	
124	100	1	49.278	47.988	0.4	
124	7	1	50.688	51.459	0.1	
124	6	1	49.632	50.519	0.1	
124	5	1	71.808	70.569	0.4	
0	0	0	0.0	0.0	0.0	
125	91	1	49.789	50.273	0.355	
125	90	1	52.967	51.1	0.8	
125	101	1	49.454	47.807	0.1	
125	100	1	50.514	48.788	0.8	
125	7	1	51.744	51.459	0.1	
125	6	1	48.576	50.419	0.1	
125	5	1	71.808	71.369	0.8	
0	0	0	0.0	0.0	0.0	
126	91	1	46.8	49.917	0.355	
126	90	1	46.8	50.833	0.266	
126	101	1	49.074	48.007	0.2	
126	100	1	50.033	50.388	1.6	
126	7	1	51.744	51.459	0.1	
126	6	1	51.744	50.519	0.1	
126	5	1	69.696	71.102	0.266	
0	0	0	0.0	0.0	0.0	
127	91	1	46.8	49.206	0.711	
127	90	1	47.882	50.3	0.533	
127	101	1	48.319	48.007	0.1	
127	100	1	49.278	49.855	0.533	
127	7	1	51.744	51.459	0.1	
127	6	1	50.688	50.519	0.1	
127	5	1	69.696	70.569	0.533	
0	0	0	0.0	0.0	0.0	
128	91	1	46.8	47.784	1.422	
128	90	1	47.882	49.233	1.066	
128	101	1	48.319	48.007	0.1	
128	100	1	49.278	49.855	0.177	
128	7	1	51.744	51.459	0.1	
128	6	1	50.688	50.519	0.1	
128	5	1	69.696	70.569	0.177	
0	0	0	0.0	0.0	0.0	
129	91	1	46.8	47.784	0.474	
129	90	1	48.941	49.233	0.355	
129	101	1	48.319	48.007	0.1	
129	100	1	49.278	49.855	0.1	
129	7	1	51.744	51.459	0.1	
129	6	1	49.632	50.519	0.1	
129	5	1	69.696	70.569	0.1	
0	0	0	0.0	0.0	0.0	
130	91	1	46.8	47.784	0.158	
130	90	1	47.882	48.878	0.355	
130	101	1	48.319	48.007	0.1	
130	100	1	49.278	49.855	0.1	
130	7	1	51.744	51.459	0.1	
130	6	1	50.688	50.519	0.1	
130	5	1	69.696	70.569	0.1	
0	0	0	0.0	0.0	0.0	
131	91	1	46.8	47.784	0.1	
131	90	1	46.8	48.167	0.711	
131	101	1	48.319	48.007	0.1	
131	100	1	49.177	49.855	0.1	
131	7	1	51.744	51.459	0.1	
131	6	1	51.744	50.619	0.1	
131	5	1	69.696	70.569	0.1	
0	0	0	0.0	0.0	0.0	
132	91	1	45.696	47.684	0.1	
132	90	1	47.882	48.167	0.237	
132	101	1	48.216	48.007	0.1	
132	100	1	49.177	49.855	0.1	
132	7	1	52.8	51.559	0.1	
132	6	1	50.688	50.619	0.1	
132	5	1	69.696	70.569	0.1	
0	0	0	0.0	0.0	0.0	
133	91	1	46.8	47.684	0.1	
133	90	1	47.882	48.167	0.1	
133	101	1	48.216	48.007	0.1	
133	100	1	49.177	49.855	0.1	
133	7	1	51.744	51.559	0.1	
133	6	1	50.688	50.619	0.1	
133	5	1	69.696	70.569	0.1	
0	0	0	0.0	0.0	0.0	
134	91	1	45.34	47.584	0.1	
134	90	1	45.34	48.067	0.1	
134	101	1	48.075	48.007	0.1	
134	100	1	48.934	49.855	0.1	
134	7	1	51.744	51.559	0.1	
134	6	1	51.744	50.719	0.1	
134	5	1	68.64	70.469	0.1	
0	0	0	0.0	0.0	0.0	
135	91	1	47.882	47.584	0.1	
135	90	1	48.941	48.067	0.1	
135	101	1	48.075	48.007	0.1	
135	100	1	49.035	49.855	0.1	
135	7	1	50.688	51.559	0.1	
135	6	1	49.632	50.619	0.1	
135	5	1	69.696	70.469	0.1	
0	0	0	0.0	0.0	0.0	
136	91	1	46.8	47.584	0.1	
136	90	1	47.882	48.067	0.1	
136	101	1	48.075	48.007	0.1	
136	100	1	49.035	49.855	0.1	
136	7	1	51.744	51.559	0.1	
136	6	1	50.688	50.619	0.1	
136	5	1	69.696	70.469	0.1	
0	0	0	0.0	0.0	0.0	
137	91	1	46.8	47.584	0.1	
137	90	1	48.941	48.067	0.1	
137	101	1	48.075	48.007	0.1	
137	100	1	49.035	49.855	0.1	
137	7	1	51.744	51.559	0.1	
137	6	1	49.632	50.619	0.1	
137	5	1	69.696	70.469	0.1	
0	0	0	0.0	0.0	0.0	
138	91	1	48.284	47.584	0.1	
138	90	1	50.425	48.167	0.1	
138	101	1	48.075	48.007	0.1	
138	100	1	49.035	49.855	0.1	
138	7	1	51.744	51.559	0.1	
138	6	1	49.632	50.619	0.1	
138	5	1	70.752	70.469	0.1	
0	0	0	0.0	0.0	0.0	
139	91	1	51.462	47.684	0.1	
139	90	1	50.425	48.367	0.2	
139	101	1	48.178	48.007	0.1	
139	100	1	49.035	49.855	0.1	
139	7	1	48.576	51.459	0.1	
139	6	1	49.632	50.619	0.1	
139	5	1	70.752	70.469	0.1	
0	0	0	0.0	0.0	0.0	
140	91	1	45.696	47.584	0.1	
140	90	1	48.941	48.367	0.1	
140	101	1	48.075	48.007	0.1	
140	100	1	49.035	49.855	0.1	
140	7	1	52.8	51.559	0.1	
140	6	1	49.632	50.619	0.1	
140	5	1	69.696	70.469	0.1	
0	0	0	0.0	0.0	0.0	
141	91	1	47.882	47.584	0.1	
141	90	1	49.979	48.467	0.1	
141	101	1	48.075	48.007	0.1	
141	100	1	49.137	49.855	0.1	
141	7	1	50.688	51.559	0.1	
141	6	1	48.576	50.519	0.1	
141	5	1	69.696	70.469	0.1	
0	0	0	0.0	0.0	0.0	
142	91	1	46.8	47.584	0.1	
142	90	1	48.941	48.467	0.1	
142	101	1	48.075	48.007	0.1	
142	100	1	49.137	49.855	0.1	
142	7	1	51.744	51.559	0.1	
142	6	1	49.632	50.519	0.1	
142	5	1	69.696	70.469	0.1	
0	0	0	0.0	0.0	0.0	
143	91	1	46.8	47.584	0.1	
143	90	1	48.941	48.467	0.1	
143	101	1	48.075	48.007	0.1	
143	100	1	49.137	49.855	0.1	
143	7	1	51.744	51.559	0.1	
143	6	1	49.632	50.519	0.1	
143	5	1	69.696	70.469	0.1	
0	0	0	0.0	0.0	0.0	
144	91	1	47.18	47.584	0.1	
144	90	1	49.365	48.467	0.1	
144	101	1	47.972	48.007	0.1	
144	100	1	49.137	49.855	0.1	
144	7	1	52.8	51.659	0.1	
144	6	1	50.688	50.519	0.1	
144	5	1	70.752	70.469	0.1	
0	0	0	0.0	0.0	0.0	
145	91	1	46.8	47.584	0.1	
145	90	1	48.941	48.467	0.1	
145	101	1	47.972	48.007	0.1	
145	100	1	49.137	49.855	0.1	
145	7	1	51.744	51.659	0.1	
145	6	1	49.632	50.519	0.1	
145	5	1	69.696	70.469	0.1	
0	0	0	0.0	0.0	0.0	
146	91	1	46.8	47.584	0.1	
146	90	1	47.882	48.467	0.1	
146	101	1	47.972	48.007	0.1	
146	100	1	49.137	49.855	0.1	
146	7	1	51.744	51.659	0.1	
146	6	1	50.688	50.519	0.1	
146	5	1	69.696	70.469	0.1	
0	0	0	0.0	0.0	0.0	
147	91	1	45.696	47.484	0.1	
147	90	1	47.882	48.467	0.1	
147	101	1	47.868	48.007	0.1	
147	100	1	49.137	49.855	0.1	
147	7	1	52.8	51.759	0.1	
147	6	1	50.688	50.519	0.1	
147	5	1	69.696	70.469	0.1	
0	0	0	0.0	0.0	0.0	
148	91	1	45.34	47.284	0.2	
148	90	1	46.421	48.367	0.1	
148	101	1	47.727	48.007	0.1	
148	100	1	48.996	49.855	0.1	
148	7	1	51.744	51.759	0.1	
148	6	1	50.688	50.519	0.1	
148	5	1	68.64	70.369	0.1	
0	0	0	0.0	0.0	0.0	
149	91	1	44.905	46.884	0.4	
149	90	1	49.365	48.367	0.1	
149	101	1	47.624	48.007	0.1	
149	100	1	48.996	49.855	0.1	
149	7	1	54.912	51.859	0.1	
149	6	1	50.688	50.519	0.1	
149	5	1	70.752	70.369	0.1	
0	0	0	0.0	0.0	0.0	
150	91	1	74.679	47.017	0.133	
150	90	1	76.207	48.467	0.1	
150	101	1	47.557	48.007	0.1	
150	100	1	49.035	49.855	0.1	
150	7	1	72.864	52.059	0.2	
150	6	1	71.808	50.619	0.1	
150	5	1	101.376	70.469	0.1	
0	0	0	0.0	0.0	0.0	
151	91	1	68.891	47.284	0.266	
151	90	1	71.969	48.667	0.2	
151	101	1	47.421	48.007	0.1	
151	100	1	49.115	49.855	0.1	
151	7	1	73.92	52.459	0.4	
151	6	1	71.808	50.819	0.2	
151	5	1	99.264	70.669	0.2	
0	0	0	0.0	0.0	0.0	
152	91	1	68.891	47.817	0.533	
152	90	1	71.969	49.067	0.4	
152	101	1	47.142	48.007	0.1	
152	100	1	49.274	49.855	0.1	
152	7	1	73.92	53.259	0.8	
152	6	1	71.808	51.219	0.4	
152	5	1	99.264	71.069	0.4	
0	0	0	0.0	0.0	0.0	
153	91	1	70.999	48.884	1.066	
153	90	1	74.077	49.867	0.8	
153	101	1	46.556	47.907	0.1	
153	100	1	49.591	49.855	0.1	
153	7	1	73.92	54.859	1.6	
153	6	1	71.808	52.019	0.8	
153	5	1	100.32	71.869	0.8	
0	0	0	0.0	0.0	0.0	
154	91	1	68.891	51.017	2.133	
154	90	1	71.969	51.467	1.6	
154	101	1	45.268	47.707	0.2	
154	100	1	50.226	49.855	0.1	
154	7	1	73.92	58.059	3.2	
154	6	1	71.808	53.619	1.6	
154	5	1	99.264	73.469	1.6	
0	0	0	0.0	0.0	0.0	
155	91	1	68.356	55.284	4.266	
155	90	1	71.389	54.667	3.2	
155	101	1	42.231	47.307	0.4	
155	100	1	51.497	49.955	0.1	
155	7	1	72.864	64.459	6.4	
155	6	1	70.752	56.819	3.2	
155	5	1	98.208	76.669	3.2	
0	0	0	0.0	0.0	0.0	
156	91	1	70.999	63.817	8.533	
156	90	1	74.077	61.067	6.4	
156	101	1	34.314	46.507	0.8	
156	100	1	54.038	50.155	0.2	
156	7	1	73.92	77.259	12.8	
156	6	1	71.808	63.219	6.4	
156	5	1	100.32	83.069	6.4	
0	0	0	0.0	0.0	0.0	
157	91	1	70.999	80.884	17.066	
157	90	1	74.077	73.867	12.8	
157	101	1	63.629	46.774	0.266	
157	100	1	59.119	50.555	0.4	
157	7	1	73.92	72.992	4.266	
157	6	1	71.808	76.019	12.8	
157	5	1	100.32	95.869	12.8	
0	0	0	0.0	0.0	0.0	
158	91	1	67.319	75.195	5.688	
158	90	1	70.441	69.6	4.266	
158	101	1	117.171	47.307	0.533	
158	100	1	121.063	51.355	0.8	
158	7	1	74.976	74.414	1.422	
158	6	1	72.864	71.752	4.266	
158	5	1	99.264	121.469	25.6	
0	0	0	0.0	0.0	0.0	
159	91	1	71.556	63.817	11.377	
159	90	1	74.679	71.022	1.422	
159	101	1	97.169	48.374	1.066	
159	100	1	98.999	52.955	1.6	
159	7	1	74.976	74.414	0.474	
159	6	1	72.864	73.174	1.422	
159	5	1	101.376	112.935	8.533	
0	0	0	0.0	0.0	0.0	
160	91	1	71.556	67.61	3.792	
160	90	1	77.712	73.867	2.844	
160	101	1	61.533	50.507	2.133	
160	100	1	64.055	56.155	3.2	
160	7	1	74.976	74.414	0.158	
160	6	1	70.752	72.7	0.474	
160	5	1	101.376	95.869	17.066	
0	0	0	0.0	0.0	0.0	
161	91	1	70.999	75.195	7.585	
161	90	1	74.077	73.867	0.948	
161	101	1	72.764	54.774	4.266	
161	100	1	75.286	62.555	6.4	
161	7	1	73.92	74.414	0.1	
161	6	1	71.808	72.7	0.158	
161	5	1	100.32	101.557	5.688	
0	0	0	0.0	0.0	0.0	
162	91	1	66.806	72.667	2.528	
162	90	1	69.884	72.919	0.948	
162	101	1	68.948	63.307	8.533	
162	100	1	71.47	75.355	12.8	
162	7	1	73.92	74.414	0.1	
162	6	1	71.808	72.7	0.1	
162	5	1	98.208	99.661	1.896	
0	0	0	0.0	0.0	0.0	
163	91	1	72.549	72.667	0.842	
163	90	1	74.077	73.235	0.316	
163	101	1	69.097	80.374	17.066	
163	100	1	71.47	71.088	4.266	
163	7	1	72.864	74.314	0.1	
163	6	1	71.808	72.7	0.1	
163	5	1	100.32	99.661	0.632	
0	0	0	0.0	0.0	0.0	
164	91	1	69.427	71.824	0.842	
164	90	1	74.077	73.235	0.105	
164	101	1	69.097	74.685	5.688	
164	100	1	71.47	71.088	1.422	
164	7	1	74.976	74.314	0.1	
164	6	1	71.808	72.7	0.1	
164	5	1	100.32	99.661	0.21	
0	0	0	0.0	0.0	0.0	
165	91	1	68.891	70.138	1.685	
165	90	1	70.441	73.129	0.105	
165	101	1	69.097	63.307	11.377	
165	100	1	71.47	71.088	0.474	
165	7	1	73.92	74.314	0.1	
165	6	1	72.864	72.7	0.1	
165	5	1	99.264	99.661	0.1	
0	0	0	0.0	0.0	0.0	
166	91	1	70.999	70.138	0.561	
166	90	1	74.077	73.129	0.1	
166	101	1	69.097	67.1	3.792	
166	100	1	71.47	71.088	0.158	
166	7	1	73.92	74.314	0.1	
166	6	1	71.808	72.7	0.1	
166	5	1	100.32	99.661	0.1	
0	0	0	0.0	0.0	0.0	
167	91	1	67.319	69.576	0.561	
167	90	1	71.969	73.029	0.1	
167	101	1	69.097	74.685	7.585	
167	100	1	71.47	71.088	0.1	
167	7	1	74.976	74.314	0.1	
167	6	1	71.808	72.7	0.1	
167	5	1	99.264	99.661	0.1	
0	0	0	0.0	0.0	0.0	
168	91	1	67.319	68.453	1.123	
168	90	1	73.474	73.029	0.1	
168	101	1	69.097	72.157	2.528	
168	100	1	71.616	71.088	0.1	
168	7	1	74.976	74.314	0.1	
168	6	1	70.752	72.6	0.1	
168	5	1	99.264	99.661	0.1	
0	0	0	0.0	0.0	0.0	
169	91	1	69.427	68.453	0.374	
169	90	1	74.077	73.129	0.1	
169	101	1	69.097	67.1	5.056	
169	100	1	71.616	71.088	0.1	
169	7	1	74.976	74.314	0.1	
169	6	1	71.808	72.6	0.1	
169	5	1	100.32	99.661	0.1	
0	0	0	0.0	0.0	0.0	
170	91	1	73.129	68.827	0.374	
170	90	1	77.712	73.329	0.2	
170	101	1	69.296	68.786	1.685	
170	100	1	71.96	71.088	0.1	
170	7	1	73.92	74.314	0.1	
170	6	1	70.752	72.5	0.1	
170	5	1	101.376	99.761	0.1	
0	0	0	0.0	0.0	0.0	
171	91	1	68.356	68.827	0.124	
171	90	1	69.884	73.229	0.1	
171	101	1	69.246	68.786	0.561	
171	100	1	71.761	71.088	0.1	
171	7	1	72.864	74.214	0.1	
171	6	1	71.808	72.5	0.1	
171	5	1	98.208	99.661	0.1	
0	0	0	0.0	0.0	0.0	
172	91	1	66.806	68.702	0.124	
172	90	1	68.356	73.029	0.2	
172	101	1	68.847	68.786	0.187	
172	100	1	71.362	71.088	0.1	
172	7	1	73.92	74.214	0.1	
172	6	1	72.864	72.5	0.1	
172	5	1	98.208	99.461	0.2	
0	0	0	0.0	0.0	0.0	
173	91	1	68.356	68.702	0.1	
173	90	1	69.884	72.629	0.4	
173	101	1	68.202	68.786	0.1	
173	100	1	70.568	71.088	0.1	
173	7	1	72.864	74.114	0.1	
173	6	1	71.808	72.5	0.1	
173	5	1	98.208	99.061	0.4	
0	0	0	0.0	0.0	0.0	
174	91	1	68.891	68.702	0.1	
174	90	1	73.474	72.629	0.133	
174	101	1	68.202	68.786	0.1	
174	100	1	70.713	71.088	0.1	
174	7	1	73.92	74.114	0.1	
174	6	1	70.752	72.4	0.1	
174	5	1	99.264	99.061	0.133	
0	0	0	0.0	0.0	0.0	
175	91	1	68.891	68.702	0.1	
175	90	1	71.969	72.629	0.1	
175	101	1	68.202	68.786	0.1	
175	100	1	70.713	71.088	0.1	
175	7	1	73.92	74.114	0.1	
175	6	1	71.808	72.4	0.1	
175	5	1	99.264	99.061	0.1	
0	0	0	0.0	0.0	0.0	
176	91	1	70.999	68.802	0.1	
176	90	1	72.549	72.629	0.1	
176	101	1	68.4	68.786	0.1	
176	100	1	70.911	71.088	0.1	
176	7	1	73.92	74.114	0.1	
176	6	1	72.864	72.4	0.1	
176	5	1	100.32	99.161	0.1	
0	0	0	0.0	0.0	0.0	
177	91	1	75.281	69.002	0.2	
177	90	1	78.359	72.729	0.1	
177	101	1	68.797	68.786	0.1	
177	100	1	71.308	71.088	0.1	
177	7	1	73.92	74.114	0.1	
177	6	1	71.808	72.4	0.1	
177	5	1	102.432	99.361	0.2	
0	0	0	0.0	0.0	0.0	
178	91	1	67.832	68.902	0.1	
178	90	1	74.077	72.929	0.2	
178	101	1	68.648	68.786	0.1	
178	100	1	71.308	71.088	0.1	
178	7	1	76.032	74.214	0.1	
178	6	1	71.808	72.4	0.1	
178	5	1	100.32	99.361	0.1	
0	0	0	0.0	0.0	0.0	
179	91	1	67.319	68.702	0.2	
179	90	1	73.474	72.929	0.1	
179	101	1	68.648	68.786	0.1	
179	100	1	71.453	71.088	0.1	
179	7	1	74.976	74.214	0.1	
179	6	1	70.752	72.3	0.1	
179	5	1	99.264	99.361	0.1	
0	0	0	0.0	0.0	0.0	
180	91	1	71.556	68.802	0.1	
180	90	1	76.207	73.029	0.1	
180	101	1	68.847	68.786	0.1	
180	100	1	71.652	71.088	0.1	
180	7	1	74.976	74.214	0.1	
180	6	1	71.808	72.3	0.1	
180	5	1	101.376	99.461	0.1	
0	0	0	0.0	0.0	0.0	
181	91	1	70.999	69.002	0.2	
181	90	1	75.582	73.229	0.2	
181	101	1	68.847	68.786	0.1	
181	100	1	71.797	71.088	0.1	
181	7	1	73.92	74.214	0.1	
181	6	1	70.752	72.2	0.1	
181	5	1	100.32	99.461	0.1	
0	0	0	0.0	0.0	0.0	
182	91	1	70.999	69.402	0.4	
182	90	1	74.077	73.229	0.1	
182	101	1	68.847	68.786	0.1	
182	100	1	71.797	71.088	0.1	
182	7	1	73.92	74.214	0.1	
182	6	1	71.808	72.2	0.1	
182	5	1	100.32	99.461	0.1	
0	0	0	0.0	0.0	0.0	
183	91	1	90.971	70.202	0.8	
183	90	1	92.521	73.329	0.1	
183	101	1	69.046	68.786	0.1	
183	100	1	71.996	71.088	0.1	
183	7	1	73.92	74.214	0.1	
183	6	1	72.864	72.2	0.1	
183	5	1	109.824	99.561	0.1	
0	0	0	0.0	0.0	0.0	
184	91	1	75.281	71.802	1.6	
184	90	1	76.831	73.529	0.2	
184	101	1	69.445	68.786	0.1	
184	100	1	72.394	71.188	0.1	
184	7	1	73.92	74.214	0.1	
184	6	1	72.864	72.2	0.1	
184	5	1	102.432	99.761	0.2	
0	0	0	0.0	0.0	0.0	
185	91	1	73.129	75.002	3.2	
185	90	1	77.712	73.929	0.4	
185	101	1	70.245	68.886	0.1	
185	100	1	73.338	71.388	0.2	
185	7	1	73.92	74.214	0.1	
185	6	1	70.752	72.1	0.1	
185	5	1	101.376	100.161	0.4	
0	0	0	0.0	0.0	0.0	
186	91	1	70.441	73.936	1.066	
186	90	1	71.969	73.796	0.133	
186	101	1	70.393	69.086	0.2	
186	100	1	73.338	71.788	0.4	
186	7	1	72.864	74.114	0.1	
186	6	1	71.808	72.1	0.1	
186	5	1	99.264	100.161	0.133	
0	0	0	0.0	0.0	0.0	
187	91	1	78.359	74.291	0.355	
187	90	1	78.359	73.896	0.1	
187	101	1	70.956	69.486	0.4	
187	100	1	73.605	72.588	0.8	
187	7	1	71.808	73.914	0.2	
187	6	1	71.808	72.1	0.1	
187	5	1	102.432	100.294	0.133	
0	0	0	0.0	0.0	0.0	
188	91	1	70.999	74.173	0.118	
188	90	1	74.077	73.896	0.1	
188	101	1	70.956	70.286	0.8	
188	100	1	73.605	74.188	1.6	
188	7	1	73.92	73.914	0.1	
188	6	1	71.808	72.1	0.1	
188	5	1	100.32	100.294	0.1	
0	0	0	0.0	0.0	0.0	
189	91	1	70.441	73.936	0.237	
189	90	1	71.969	73.796	0.1	
189	101	1	70.904	70.286	0.266	
189	100	1	73.405	74.188	0.533	
189	7	1	72.864	73.814	0.1	
189	6	1	71.808	72.1	0.1	
189	5	1	99.264	100.194	0.1	
0	0	0	0.0	0.0	0.0	
190	91	1	69.884	73.462	0.474	
190	90	1	69.884	73.596	0.2	
190	101	1	70.798	70.286	0.1	
190	100	1	73.005	73.655	0.533	
190	7	1	71.808	73.614	0.2	
190	6	1	71.808	72.1	0.1	
190	5	1	98.208	99.994	0.2	
0	0	0	0.0	0.0	0.0	
191	91	1	71.969	72.513	0.948	
191	90	1	71.969	73.196	0.4	
191	101	1	71.385	70.386	0.1	
191	100	1	73.005	73.655	0.177	
191	7	1	71.808	73.214	0.4	
191	6	1	71.808	72.1	0.1	
191	5	1	99.264	99.994	0.1	
0	0	0	0.0	0.0	0.0	
192	91	1	72.549	72.513	0.316	
192	90	1	75.582	73.329	0.133	
192	101	1	71.385	70.386	0.1	
192	100	1	73.149	73.655	0.1	
192	7	1	72.864	73.214	0.133	
192	6	1	70.752	72.0	0.1	
192	5	1	100.32	99.994	0.1	
0	0	0	0.0	0.0	0.0	
193	91	1	70.441	72.197	0.316	
193	90	1	70.441	73.229	0.1	
193	101	1	71.385	70.386	0.1	
193	100	1	73.149	73.655	0.1	
193	7	1	72.864	73.214	0.1	
193	6	1	72.864	72.0	0.1	
193	5	1	99.264	99.994	0.1	
0	0	0	0.0	0.0	0.0	
194	91	1	68.891	71.565	0.632	
194	90	1	71.969	73.029	0.2	
194	101	1	71.385	70.386	0.1	
194	100	1	73.149	73.655	0.1	
194	7	1	73.92	73.214	0.1	
194	6	1	71.808	72.0	0.1	
194	5	1	99.264	99.994	0.1	
0	0	0	0.0	0.0	0.0	
195	91	1	68.891	70.301	1.264	
195	90	1	73.474	73.029	0.1	
195	101	1	71.385	70.386	0.1	
195	100	1	73.293	73.655	0.1	
195	7	1	73.92	73.214	0.1	
195	6	1	70.752	71.9	0.1	
195	5	1	99.264	99.994	0.1	
0	0	0	0.0	0.0	0.0	
196	91	1	66.806	67.773	2.528	
196	90	1	69.884	72.929	0.1	
196	101	1	71.185	70.386	0.1	
196	100	1	73.093	73.655	0.1	
196	7	1	73.92	73.214	0.1	
196	6	1	71.808	71.9	0.1	
196	5	1	98.208	99.894	0.1	
0	0	0	0.0	0.0	0.0	
197	91	1	71.556	68.615	0.842	
197	90	1	76.207	73.029	0.1	
197	101	1	71.239	70.386	0.1	
197	100	1	73.293	73.655	0.1	
197	7	1	74.976	73.314	0.1	
197	6	1	71.808	71.9	0.1	
197	5	1	101.376	99.994	0.1	
0	0	0	0.0	0.0	0.0	
198	91	1	73.709	70.301	1.685	
198	90	1	78.359	73.229	0.2	
198	101	1	71.346	70.386	0.1	
198	100	1	73.693	73.655	0.1	
198	7	1	74.976	73.514	0.2	
198	6	1	71.808	71.9	0.1	
198	5	1	102.432	100.194	0.2	
0	0	0	0.0	0.0	0.0	
199	91	1	66.806	69.739	0.561	
199	90	1	69.884	73.129	0.1	
199	101	1	71.145	70.386	0.1	
199	100	1	73.493	73.655	0.1	
199	7	1	73.92	73.514	0.1	
199	6	1	71.808	71.9	0.1	
199	5	1	98.208	100.094	0.1	
0	0	0	0.0	0.0	0.0	
200	91	1	68.891	69.739	0.187	
200	90	1	71.969	72.929	0.2	
200	101	1	71.145	70.386	0.1	
200	100	1	73.493	73.655	0.1	
200	7	1	73.92	73.514	0.1	
200	6	1	71.808	71.9	0.1	
200	5	1	99.264	100.094	0.1	
0	0	0	0.0	0.0	0.0	
201	91	1	70.999	69.926	0.187	
201	90	1	72.549	72.929	0.1	
201	101	1	71.145	70.386	0.1	
201	100	1	73.493	73.655	0.1	
201	7	1	73.92	73.514	0.1	
201	6	1	72.864	71.9	0.1	
201	5	1	100.32	100.094	0.1	
0	0	0	0.0	0.0	0.0	
202	91	1	83.879	70.301	0.374	
202	90	1	66.315	72.829	0.1	
202	101	1	71.198	70.386	0.1	
202	100	1	73.549	73.655	0.1	
202	7	1	115.104	73.614	0.1	
202	6	1	122.496	72.0	0.1	
202	5	1	138.336	100.194	0.1	
0	0	0	0.0	0.0	0.0	
203	91	1	103.282	71.05	0.749	
203	90	1	66.65	72.629	0.2	
203	101	1	71.305	70.386	0.1	
203	100	1	73.662	73.655	0.1	
203	7	1	107.712	73.814	0.2	
203	6	1	123.552	72.2	0.2	
203	5	1	139.392	100.394	0.2	
0	0	0	0.0	0.0	0.0	
204	91	1	96.357	72.548	1.498	
204	90	1	66.65	72.229	0.4	
204	101	1	71.517	70.486	0.1	
204	100	1	73.887	73.655	0.1	
204	7	1	110.88	74.214	0.4	
204	6	1	123.552	72.6	0.4	
204	5	1	139.392	100.794	0.4	
0	0	0	0.0	0.0	0.0	
205	91	1	100.996	75.545	2.996	
205	90	1	69.248	71.429	0.8	
205	101	1	71.943	70.686	0.2	
205	100	1	74.339	73.655	0.1	
205	7	1	108.768	75.014	0.8	
205	6	1	122.496	73.4	0.8	
205	5	1	139.392	101.594	0.8	
0	0	0	0.0	0.0	0.0	
205	91	1	100.996	75.545	2.996	
205	90	1	69.248	71.429	0.8	
205	101	1	71.943	70.686	0.2	
205	100	1	74.339	73.655	0.1	
205	7	1	108.768	75.014	0.8	
206	6	1	122.496	75.0	1.6	
206	5	1	140.448	103.194	1.6	
0	0	0	0.0	0.0	0.0	
205	91	1	100.996	75.545	2.996	
205	90	1	69.248	71.429	0.8	
205	101	1	71.943	70.686	0.2	
205	100	1	74.339	73.655	0.1	
205	7	1	108.768	75.014	0.8	
207	6	1	122.496	78.2	3.2	
207	5	1	139.392	106.394	3.2	
0	0	0	0.0	0.0	0.0	
208	91	1	103.951	81.538	5.993	
208	90	1	72.203	71.429	0.266	
208	101	1	93.528	71.086	0.4	
208	100	1	80.654	73.755	0.1	
208	7	1	108.768	76.614	1.6	
208	6	1	122.496	84.6	6.4	
208	5	1	140.448	112.794	6.4	
0	0	0	0.0	0.0	0.0	
209	91	1	92.186	93.525	11.986	
209	90	1	72.203	71.429	0.1	
209	101	1	119.036	71.886	0.8	
209	100	1	87.872	73.955	0.2	
209	7	1	114.048	79.814	3.2	
209	6	1	122.496	97.4	12.8	
209	5	1	140.448	125.594	12.8	
0	0	0	0.0	0.0	0.0	
210	91	1	109.215	117.498	23.972	
210	90	1	77.757	71.529	0.1	
210	101	1	179.269	73.486	1.6	
210	100	1	102.307	74.355	0.4	
210	7	1	107.712	86.214	6.4	
210	6	1	121.44	123.0	25.6	
210	5	1	141.504	151.194	25.6	
0	0	0	0.0	0.0	0.0	
210	91	1	109.215	117.498	23.972	
210	90	1	77.757	71.529	0.1	
210	101	1	179.269	73.486	1.6	
210	100	1	102.307	74.355	0.4	
210	7	1	107.712	86.214	6.4	
211	6	1	122.496	123.0	8.533	
211	5	1	140.448	142.661	8.533	
0	0	0	0.0	0.0	0.0	
212	91	1	110.742	109.507	7.99	
212	90	1	72.203	71.529	0.1	
212	101	1	84.701	76.686	3.2	
212	100	1	31.449	74.222	0.133	
212	7	1	105.6	99.014	12.8	
212	6	1	122.496	123.0	2.844	
212	5	1	140.448	125.594	17.066	
0	0	0	0.0	0.0	0.0	
212	91	1	110.742	109.507	7.99	
212	90	1	72.203	71.529	0.1	
212	101	1	84.701	76.686	3.2	
212	100	1	31.449	74.222	0.133	
212	7	1	105.6	99.014	12.8	
213	6	1	120.384	120.156	2.844	
213	5	1	140.448	131.283	5.688	
0	0	0	0.0	0.0	0.0	
214	91	1	112.214	112.17	2.663	
214	90	1	80.756	71.629	0.1	
214	101	1	73.234	75.619	1.066	
214	100	1	81.861	74.322	0.1	
214	7	1	107.712	124.614	25.6	
214	6	1	121.44	121.104	0.948	
214	5	1	142.56	142.661	11.377	
0	0	0	0.0	0.0	0.0	
215	91	1	109.928	111.283	0.887	
215	90	1	78.18	71.829	0.2	
215	101	1	93.774	75.974	0.355	
215	100	1	77.232	74.522	0.2	
215	7	1	108.768	116.081	8.533	
215	6	1	122.496	123.0	1.896	
215	5	1	142.56	142.661	3.792	
0	0	0	0.0	0.0	0.0	
216	91	1	109.215	109.507	1.775	
216	90	1	77.757	72.229	0.4	
216	101	1	119.806	76.686	0.711	
216	100	1	68.105	74.422	0.1	
216	7	1	107.712	99.014	17.066	
216	6	1	121.44	122.368	0.632	
216	5	1	141.504	138.869	3.792	
0	0	0	0.0	0.0	0.0	
217	91	1	103.951	105.955	3.551	
217	90	1	72.203	72.229	0.133	
217	101	1	111.744	78.108	1.422	
217	100	1	71.632	74.222	0.2	
217	7	1	108.768	104.703	5.688	
217	6	1	122.496	122.368	0.21	
217	5	1	140.448	140.133	1.264	
0	0	0	0.0	0.0	0.0	
218	91	1	87.837	98.852	7.103	
218	90	1	77.757	72.363	0.133	
218	101	1	93.774	80.952	2.844	
218	100	1	78.783	74.322	0.1	
218	7	1	117.215	116.081	11.377	
218	6	1	121.44	122.368	0.1	
218	5	1	141.504	142.661	2.528	
0	0	0	0.0	0.0	0.0	
219	91	1	101.643	101.22	2.367	
219	90	1	72.203	72.363	0.1	
219	101	1	100.037	86.641	5.688	
219	100	1	76.385	74.522	0.2	
219	7	1	109.824	112.288	3.792	
219	6	1	122.496	122.368	0.1	
219	5	1	140.448	141.818	0.842	
0	0	0	0.0	0.0	0.0	
220	91	1	109.215	105.955	4.735	
220	90	1	75.181	72.463	0.1	
220	101	1	116.497	98.019	11.377	
220	100	1	76.385	74.922	0.4	
220	7	1	107.712	104.703	7.585	
220	6	1	122.496	122.368	0.1	
220	5	1	141.504	141.818	0.28	
0	0	0	0.0	0.0	0.0	
221	91	1	103.282	104.377	1.578	
221	90	1	66.65	72.363	0.1	
221	101	1	110.342	120.774	22.755	
221	100	1	75.344	74.922	0.133	
221	7	1	107.712	107.232	2.528	
221	6	1	123.552	122.468	0.1	
221	5	1	139.392	141.537	0.28	
0	0	0	0.0	0.0	0.0	
221	91	1	103.282	104.377	1.578	
221	90	1	66.65	72.363	0.1	
221	101	1	110.342	120.774	22.755	
221	100	1	75.344	74.922	0.133	
221	7	1	107.712	107.232	2.528	
222	6	1	122.496	122.468	0.1	
222	5	1	141.504	141.537	0.1	
0	0	0	0.0	0.0	0.0	
221	91	1	103.282	104.377	1.578	
221	90	1	66.65	72.363	0.1	
221	101	1	110.342	120.774	22.755	
221	100	1	75.344	74.922	0.133	
221	7	1	107.712	107.232	2.528	
223	6	1	121.44	122.368	0.1	
223	5	1	141.504	141.537	0.1	
0	0	0	0.0	0.0	0.0	
224	91	1	101.643	101.22	3.156	
224	90	1	69.605	72.163	0.2	
224	101	1	98.958	113.189	7.585	
224	100	1	75.061	74.922	0.1	
224	7	1	109.824	112.288	5.056	
224	6	1	123.552	122.468	0.1	
224	5	1	140.448	141.437	0.1	
0	0	0	0.0	0.0	0.0	
224	91	1	101.643	101.22	3.156	
224	90	1	69.605	72.163	0.2	
224	101	1	98.958	113.189	7.585	
224	100	1	75.061	74.922	0.1	
224	7	1	109.824	112.288	5.056	
225	6	1	122.496	122.468	0.1	
225	5	1	140.448	141.437	0.1	
0	0	0	0.0	0.0	0.0	
224	91	1	101.643	101.22	3.156	
224	90	1	69.605	72.163	0.2	
224	101	1	98.958	113.189	7.585	
224	100	1	75.061	74.922	0.1	
224	7	1	109.824	112.288	5.056	
226	6	1	122.496	122.468	0.1	
226	5	1	140.448	141.437	0.1	
0	0	0	0.0	0.0	0.0	
227	91	1	102.613	102.272	1.052	
227	90	1	68.891	71.763	0.4	
227	101	1	102.433	98.019	15.17	
227	100	1	75.023	74.922	0.1	
227	7	1	106.656	110.603	1.685	
227	6	1	121.44	122.368	0.1	
227	5	1	138.336	141.337	0.1	
0	0	0	0.0	0.0	0.0	
228	91	1	103.282	104.377	2.104	
228	90	1	69.248	70.963	0.8	
228	101	1	109.211	103.076	5.056	
228	100	1	74.458	74.922	0.1	
228	7	1	107.712	107.232	3.371	
228	6	1	122.496	122.368	0.1	
228	5	1	139.392	141.137	0.2	
0	0	0	0.0	0.0	0.0	
229	91	1	104.62	104.377	0.701	
229	90	1	77.757	71.229	0.266	
229	101	1	106.789	113.189	10.113	
229	100	1	74.458	74.922	0.1	
229	7	1	109.824	108.355	1.123	
229	6	1	121.44	122.368	0.1	
229	5	1	141.504	141.137	0.1	
0	0	0	0.0	0.0	0.0	
230	91	1	101.643	103.675	0.701	
230	90	1	74.779	71.763	0.533	
230	101	1	101.868	109.818	3.371	
230	100	1	74.458	74.922	0.1	
230	7	1	109.824	110.603	2.247	
230	6	1	121.44	122.368	0.1	
230	5	1	140.448	141.137	0.1	
0	0	0	0.0	0.0	0.0	
231	91	1	96.357	102.272	1.403	
231	90	1	69.248	71.585	0.177	
231	101	1	101.585	103.076	6.742	
231	100	1	74.176	74.922	0.1	
231	7	1	110.88	110.603	0.749	
231	6	1	122.496	122.368	0.1	
231	5	1	139.392	141.037	0.1	
0	0	0	0.0	0.0	0.0	
232	91	1	89.231	99.466	2.806	
232	90	1	71.824	71.585	0.1	
232	101	1	99.359	89.591	13.484	
232	100	1	73.612	74.822	0.1	
232	7	1	114.048	111.352	0.749	
232	6	1	121.44	122.368	0.1	
232	5	1	139.392	140.837	0.2	
0	0	0	0.0	0.0	0.0	
233	91	1	112.214	100.401	0.935	
233	90	1	80.756	71.685	0.1	
233	101	1	100.196	94.086	4.494	
233	100	1	73.894	74.822	0.1	
233	7	1	107.712	111.102	0.249	
233	6	1	121.44	122.368	0.1	
233	5	1	142.56	140.937	0.1	
0	0	0	0.0	0.0	0.0	
234	91	1	103.282	102.272	1.87	
234	90	1	74.378	71.885	0.2	
234	101	1	101.022	103.076	8.989	
234	100	1	73.857	74.822	0.1	
234	7	1	107.712	110.603	0.499	
234	6	1	120.384	122.268	0.1	
234	5	1	139.392	140.837	0.1	
0	0	0	0.0	0.0	0.0	
235	91	1	109.928	106.014	3.741	
235	90	1	80.756	72.285	0.4	
235	101	1	103.503	103.076	2.996	
235	100	1	74.139	74.822	0.1	
235	7	1	108.768	109.604	0.998	
235	6	1	121.44	122.268	0.1	
235	5	1	142.56	140.937	0.1	
0	0	0	0.0	0.0	0.0	
236	91	1	110.642	113.497	7.483	
236	90	1	83.778	73.085	0.8	
236	101	1	104.067	103.076	0.998	
236	100	1	74.703	74.822	0.1	
236	7	1	109.824	109.604	0.332	
236	6	1	121.44	122.268	0.1	
236	5	1	143.616	141.137	0.2	
0	0	0	0.0	0.0	0.0	
237	91	1	103.951	111.002	2.494	
237	90	1	74.779	74.685	1.6	
237	101	1	104.067	103.076	0.332	
237	100	1	74.703	74.822	0.1	
237	7	1	108.768	109.604	0.11	
237	6	1	121.44	122.268	0.1	
237	5	1	140.448	141.137	0.1	
0	0	0	0.0	0.0	0.0	
237	91	1	103.951	111.002	2.494	
237	90	1	74.779	74.685	1.6	
237	101	1	104.067	103.076	0.332	
237	100	1	74.703	74.822	0.1	
237	7	1	108.768	109.604	0.11	
238	6	1	122.496	122.268	0.1	
238	5	1	142.56	141.237	0.1	
0	0	0	0.0	0.0	0.0	
239	91	1	107.62	106.014	4.988	
239	90	1	80.756	77.885	3.2	
239	101	1	104.915	103.409	0.332	
239	100	1	75.551	74.822	0.1	
239	7	1	109.824	109.604	0.1	
239	6	1	121.44	122.268	0.1	
239	5	1	142.56	141.437	0.2	
0	0	0	0.0	0.0	0.0	
240	91	1	106.929	106.014	1.662	
240	90	1	75.181	76.818	1.066	
240	101	1	104.915	104.075	0.665	
240	100	1	75.551	74.822	0.1	
240	7	1	108.768	109.604	0.1	
240	6	1	122.496	122.268	0.1	
240	5	1	141.504	141.437	0.1	
0	0	0	0.0	0.0	0.0	
241	91	1	86.811	104.351	1.662	
241	90	1	71.824	74.685	2.133	
241	101	1	104.413	104.075	0.221	
241	100	1	75.268	74.822	0.1	
241	7	1	115.104	109.704	0.1	
241	6	1	121.44	122.268	0.1	
241	5	1	139.392	141.337	0.1	
0	0	0	0.0	0.0	0.0	
241	91	1	86.811	104.351	1.662	
241	90	1	71.824	74.685	2.133	
241	101	1	104.413	104.075	0.221	
241	100	1	75.268	74.822	0.1	
241	7	1	115.104	109.704	0.1	
242	6	1	123.552	122.368	0.1	
242	5	1	140.448	141.337	0.1	
0	0	0	0.0	0.0	0.0	
243	91	1	97.561	101.025	3.325	
243	90	1	75.181	74.685	0.711	
243	101	1	103.974	104.075	0.1	
243	100	1	75.023	74.822	0.1	
243	7	1	112.992	109.904	0.2	
243	6	1	122.496	122.368	0.1	
243	5	1	141.504	141.337	0.1	
0	0	0	0.0	0.0	0.0	
244	91	1	107.62	102.134	1.108	
244	90	1	78.18	75.396	0.711	
244	101	1	104.256	104.075	0.1	
244	100	1	75.306	74.822	0.1	
244	7	1	109.824	109.904	0.1	
244	6	1	122.496	122.368	0.1	
244	5	1	142.56	141.437	0.1	
0	0	0	0.0	0.0	0.0	
244	91	1	107.62	102.134	1.108	
244	90	1	78.18	75.396	0.711	
244	101	1	104.256	104.075	0.1	
244	100	1	75.306	74.822	0.1	
244	7	1	109.824	109.904	0.1	
245	6	1	122.496	122.368	0.1	
245	5	1	139.392	141.337	0.1	
0	0	0	0.0	0.0	0.0	
246	91	1	113.72	104.351	2.217	
246	90	1	75.181	75.396	0.237	
246	101	1	104.193	104.075	0.1	
246	100	1	75.023	74.822	0.1	
246	7	1	105.6	109.804	0.1	
246	6	1	122.496	122.368	0.1	
246	5	1	141.504	141.337	0.1	
0	0	0	0.0	0.0	0.0	
246	91	1	113.72	104.351	2.217	
246	90	1	75.181	75.396	0.237	
246	101	1	104.193	104.075	0.1	
246	100	1	75.023	74.822	0.1	
246	7	1	105.6	109.804	0.1	
247	6	1	121.44	122.368	0.1	
247	5	1	143.616	141.437	0.1	
0	0	0	0.0	0.0	0.0	
248	91	1	107.62	108.785	4.434	
248	90	1	80.756	75.633	0.237	
248	101	1	105.042	104.075	0.1	
248	100	1	75.872	74.922	0.1	
248	7	1	109.824	109.804	0.1	
248	6	1	121.44	122.368	0.1	
248	5	1	142.56	141.637	0.2	
0	0	0	0.0	0.0	0.0	
249	91	1	109.215	108.785	1.478	
249	90	1	75.181	75.633	0.1	
249	101	1	105.262	104.175	0.1	
249	100	1	75.872	74.922	0.1	
249	7	1	107.712	109.704	0.1	
249	6	1	122.496	122.368	0.1	
249	5	1	141.504	141.637	0.1	
0	0	0	0.0	0.0	0.0	
250	91	1	113.72	110.263	1.478	
250	90	1	77.757	75.733	0.1	
250	101	1	105.7	104.375	0.2	
250	100	1	75.872	74.922	0.1	
250	7	1	105.6	109.504	0.2	
250	6	1	121.44	122.368	0.1	
250	5	1	141.504	141.637	0.1	
0	0	0	0.0	0.0	0.0	
251	91	1	107.62	109.771	0.492	
251	90	1	80.756	75.933	0.2	
251	101	1	105.7	104.775	0.4	
251	100	1	75.872	74.922	0.1	
251	7	1	109.824	109.504	0.1	
251	6	1	121.44	122.368	0.1	
251	5	1	142.56	141.637	0.1	
0	0	0	0.0	0.0	0.0	
251	91	1	107.62	109.771	0.492	
251	90	1	80.756	75.933	0.2	
251	101	1	105.7	104.775	0.4	
251	100	1	75.872	74.922	0.1	
251	7	1	109.824	109.504	0.1	
252	6	1	122.496	122.368	0.1	
252	5	1	141.504	141.637	0.1	
0	0	0	0.0	0.0	0.0	
253	91	1	113.72	109.935	0.164	
253	90	1	75.181	75.933	0.1	
253	101	1	105.919	105.575	0.8	
253	100	1	75.872	74.922	0.1	
253	7	1	105.6	109.404	0.1	
253	6	1	122.496	122.368	0.1	
253	5	1	141.504	141.637	0.1	
0	0	0	0.0	0.0	0.0	
254	91	1	111.478	110.263	0.328	
254	90	1	77.757	76.033	0.1	
254	101	1	106.356	105.575	0.266	
254	100	1	75.872	74.922	0.1	
254	7	1	106.656	109.204	0.2	
254	6	1	121.44	122.368	0.1	
254	5	1	141.504	141.637	0.1	
0	0	0	0.0	0.0	0.0	
255	91	1	106.929	110.154	0.109	
255	90	1	77.757	76.233	0.2	
255	101	1	106.356	105.575	0.1	
255	100	1	75.872	74.922	0.1	
255	7	1	108.768	109.204	0.1	
255	6	1	121.44	122.368	0.1	
255	5	1	141.504	141.637	0.1	
0	0	0	0.0	0.0	0.0	
256	91	1	106.929	109.935	0.218	
256	90	1	77.757	76.633	0.4	
256	101	1	106.356	105.575	0.1	
256	100	1	75.872	74.922	0.1	
256	7	1	108.768	109.204	0.1	
256	6	1	121.44	122.368	0.1	
256	5	1	141.504	141.637	0.1	
0	0	0	0.0	0.0	0.0	
257	91	1	115.939	110.035	0.1	
257	90	1	75.181	76.5	0.133	
257	101	1	106.575	105.675	0.1	
257	100	1	75.872	74.922	0.1	
257	7	1	104.544	109.104	0.1	
257	6	1	122.496	122.368	0.1	
257	5	1	141.504	141.637	0.1	
0	0	0	0.0	0.0	0.0	
257	91	1	115.939	110.035	0.1	
257	90	1	75.181	76.5	0.133	
257	101	1	106.575	105.675	0.1	
257	100	1	75.872	74.922	0.1	
257	7	1	104.544	109.104	0.1	
258	6	1	122.496	122.368	0.1	
258	5	1	141.504	141.637	0.1	
0	0	0	0.0	0.0	0.0	
257	91	1	115.939	110.035	0.1	
257	90	1	75.181	76.5	0.133	
257	101	1	106.575	105.675	0.1	
257	100	1	75.872	74.922	0.1	
257	7	1	104.544	109.104	0.1	
259	6	1	123.552	122.468	0.1	
259	5	1	141.504	141.637	0.1	
0	0	0	0.0	0.0	0.0	
257	91	1	115.939	110.035	0.1	
257	90	1	75.181	76.5	0.133	
257	101	1	106.575	105.675	0.1	
257	100	1	75.872	74.922	0.1	
257	7	1	104.544	109.104	0.1	
260	6	1	123.552	122.668	0.2	
260	5	1	142.56	141.637	0.1	
0	0	0	0.0	0.0	0.0	
257	91	1	115.939	110.035	0.1	
257	90	1	75.181	76.5	0.133	
257	101	1	106.575	105.675	0.1	
257	100	1	75.872	74.922	0.1	
257	7	1	104.544	109.104	0.1	
261	6	1	121.44	122.568	0.1	
261	5	1	142.56	141.637	0.1	
0	0	0	0.0	0.0	0.0	
262	91	1	105.289	109.935	0.1	
262	90	1	80.756	76.6	0.1	
262	101	1	106.356	105.675	0.1	
262	100	1	75.872	74.922	0.1	
262	7	1	110.88	109.204	0.1	
262	6	1	121.44	122.368	0.2	
262	5	1	142.56	141.637	0.1	
0	0	0	0.0	0.0	0.0	
263	91	1	107.787	109.735	0.2	
263	90	1	69.248	76.5	0.1	
263	101	1	106.291	105.675	0.1	
263	100	1	75.589	74.922	0.1	
263	7	1	105.6	109.104	0.1	
263	6	1	122.496	122.368	0.1	
263	5	1	139.392	141.537	0.1	
0	0	0	0.0	0.0	0.0	
263	91	1	107.787	109.735	0.2	
263	90	1	69.248	76.5	0.1	
263	101	1	106.291	105.675	0.1	
263	100	1	75.589	74.922	0.1	
263	7	1	105.6	109.104	0.1	
264	6	1	122.496	122.368	0.1	
264	5	1	142.56	141.637	0.1	
0	0	0	0.0	0.0	0.0	
263	91	1	107.787	109.735	0.2	
263	90	1	69.248	76.5	0.1	
263	101	1	106.291	105.675	0.1	
263	100	1	75.589	74.922	0.1	
263	7	1	105.6	109.104	0.1	
265	6	1	122.496	122.368	0.1	
265	5	1	142.56	141.637	0.1	
0	0	0	0.0	0.0	0.0	
266	91	1	105.289	109.335	0.4	
266	90	1	75.582	76.5	0.1	
266	101	1	106.356	105.675	0.1	
266	100	1	75.627	74.922	0.1	
266	7	1	110.88	109.204	0.1	
266	6	1	123.552	122.468	0.1	
266	5	1	142.56	141.637	0.1	
0	0	0	0.0	0.0	0.0	
267	91	1	105.289	108.535	0.8	
267	90	1	78.18	76.6	0.1	
267	101	1	105.919	105.675	0.1	
267	100	1	75.627	74.922	0.1	
267	7	1	110.88	109.404	0.2	
267	6	1	122.496	122.468	0.1	
267	5	1	142.56	141.637	0.1	
0	0	0	0.0	0.0	0.0	
268	91	1	118.281	108.802	0.266	
268	90	1	84.247	76.8	0.2	
268	101	1	106.421	105.675	0.1	
268	100	1	75.911	74.922	0.1	
268	7	1	107.712	109.304	0.1	
268	6	1	122.496	122.468	0.1	
268	5	1	144.672	141.737	0.1	
0	0	0	0.0	0.0	0.0	
269	91	1	108.311	108.802	0.1	
269	90	1	83.778	77.2	0.4	
269	101	1	106.77	105.775	0.1	
269	100	1	76.723	75.022	0.1	
269	7	1	110.88	109.404	0.1	
269	6	1	121.44	122.368	0.1	
269	5	1	143.616	141.937	0.2	
0	0	0	0.0	0.0	0.0	
270	91	1	115.939	108.902	0.1	
270	90	1	77.757	77.2	0.133	
270	101	1	106.989	105.975	0.2	
270	100	1	76.723	75.222	0.2	
270	7	1	104.544	109.304	0.1	
270	6	1	121.44	122.368	0.1	
270	5	1	141.504	141.937	0.1	
0	0	0	0.0	0.0	0.0	
271	91	1	115.939	109.102	0.2	
271	90	1	77.757	77.2	0.1	
271	101	1	107.425	106.375	0.4	
271	100	1	76.723	75.622	0.4	
271	7	1	104.544	109.104	0.2	
271	6	1	121.44	122.368	0.1	
271	5	1	141.504	141.937	0.1	
0	0	0	0.0	0.0	0.0	
272	91	1	106.929	109.002	0.1	
272	90	1	77.757	77.2	0.1	
272	101	1	107.425	107.175	0.8	
272	100	1	76.723	76.422	0.8	
272	7	1	108.768	109.104	0.1	
272	6	1	121.44	122.368	0.1	
272	5	1	141.504	141.937	0.1	
0	0	0	0.0	0.0	0.0	
273	91	1	110.642	109.102	0.1	
273	90	1	83.778	77.3	0.1	
273	101	1	107.709	107.175	0.266	
273	100	1	77.007	76.422	0.266	
273	7	1	109.824	109.104	0.1	
273	6	1	121.44	122.368	0.1	
273	5	1	143.616	142.037	0.1	
0	0	0	0.0	0.0	0.0	
273	91	1	110.642	109.102	0.1	
273	90	1	83.778	77.3	0.1	
273	101	1	107.709	107.175	0.266	
273	100	1	77.007	76.422	0.266	
273	7	1	109.824	109.104	0.1	
274	6	1	120.384	122.268	0.1	
274	5	1	141.504	142.037	0.1	
0	0	0	0.0	0.0	0.0	
275	91	1	99.937	109.002	0.1	
275	90	1	80.31	77.5	0.2	
275	101	1	107.491	107.175	0.1	
275	100	1	77.74	76.688	0.266	
275	7	1	111.936	109.204	0.1	
275	6	1	120.384	122.068	0.2	
275	5	1	141.504	142.037	0.1	
0	0	0	0.0	0.0	0.0	
275	91	1	99.937	109.002	0.1	
275	90	1	80.31	77.5	0.2	
275	101	1	107.491	107.175	0.1	
275	100	1	77.74	76.688	0.266	
275	7	1	111.936	109.204	0.1	
276	6	1	122.496	122.068	0.1	
276	5	1	142.56	142.037	0.1	
0	0	0	0.0	0.0	0.0	
277	91	1	102.29	108.802	0.2	
277	90	1	75.181	77.4	0.1	
277	101	1	107.054	107.175	0.1	
277	100	1	77.74	77.222	0.533	
277	7	1	110.88	109.404	0.2	
277	6	1	122.496	122.068	0.1	
277	5	1	141.504	142.037	0.1	
0	0	0	0.0	0.0	0.0	
278	91	1	109.215	108.802	0.1	
278	90	1	75.181	77.2	0.2	
278	101	1	107.273	107.175	0.1	
278	100	1	77.74	77.222	0.177	
278	7	1	107.712	109.304	0.1	
278	6	1	122.496	122.068	0.1	
278	5	1	141.504	142.037	0.1	
0	0	0	0.0	0.0	0.0	
279	91	1	105.958	108.702	0.1	
279	90	1	83.778	77.3	0.1	
279	101	1	107.338	107.175	0.1	
279	100	1	78.024	77.222	0.1	
279	7	1	111.936	109.404	0.1	
279	6	1	121.44	122.068	0.1	
279	5	1	143.616	142.137	0.1	
0	0	0	0.0	0.0	0.0	
279	91	1	105.958	108.702	0.1	
279	90	1	83.778	77.3	0.1	
279	101	1	107.338	107.175	0.1	
279	100	1	78.024	77.222	0.1	
279	7	1	111.936	109.404	0.1	
280	6	1	123.552	122.168	0.1	
280	5	1	142.56	142.137	0.1	
0	0	0	0.0	0.0	0.0	
281	91	1	107.62	108.502	0.2	
281	90	1	78.18	77.3	0.1	
281	101	1	107.338	107.175	0.1	
281	100	1	77.78	77.222	0.1	
281	7	1	109.824	109.404	0.1	
281	6	1	122.496	122.168	0.1	
281	5	1	142.56	142.137	0.1	
0	0	0	0.0	0.0	0.0	
282	91	1	109.928	108.602	0.1	
282	90	1	78.18	77.3	0.1	
282	101	1	107.338	107.175	0.1	
282	100	1	77.78	77.222	0.1	
282	7	1	108.768	109.404	0.1	
282	6	1	122.496	122.168	0.1	
282	5	1	142.56	142.137	0.1	
0	0	0	0.0	0.0	0.0	
283	91	1	110.642	108.802	0.2	
283	90	1	86.332	77.4	0.1	
283	101	1	107.622	107.175	0.1	
283	100	1	78.309	77.322	0.1	
283	7	1	109.824	109.404	0.1	
283	6	1	120.384	122.068	0.1	
283	5	1	143.616	142.237	0.1	
0	0	0	0.0	0.0	0.0	
283	91	1	110.642	108.802	0.2	
283	90	1	86.332	77.4	0.1	
283	101	1	107.622	107.175	0.1	
283	100	1	78.309	77.322	0.1	
283	7	1	109.824	109.404	0.1	
284	6	1	121.44	122.068	0.1	
284	5	1	142.56	142.237	0.1	
0	0	0	0.0	0.0	0.0	
283	91	1	110.642	108.802	0.2	
283	90	1	86.332	77.4	0.1	
283	101	1	107.622	107.175	0.1	
283	100	1	78.309	77.322	0.1	
283	7	1	109.824	109.404	0.1	
285	6	1	121.44	122.068	0.1	
285	5	1	144.672	142.337	0.1	
0	0	0	0.0	0.0	0.0	
283	91	1	110.642	108.802	0.2	
283	90	1	86.332	77.4	0.1	
283	101	1	107.622	107.175	0.1	
283	100	1	78.309	77.322	0.1	
283	7	1	109.824	109.404	0.1	
286	6	1	121.44	122.068	0.1	
286	5	1	143.616	142.537	0.2	
0	0	0	0.0	0.0	0.0	
283	91	1	110.642	108.802	0.2	
283	90	1	86.332	77.4	0.1	
283	101	1	107.622	107.175	0.1	
283	100	1	78.309	77.322	0.1	
283	7	1	109.824	109.404	0.1	
287	6	1	121.44	122.068	0.1	
287	5	1	143.616	142.937	0.4	
0	0	0	0.0	0.0	0.0	
283	91	1	110.642	108.802	0.2	
283	90	1	86.332	77.4	0.1	
283	101	1	107.622	107.175	0.1	
283	100	1	78.309	77.322	0.1	
288	7	1	106.656	109.304	0.1	
288	6	1	121.44	122.068	0.1	
287	5	1	143.616	142.937	0.4	
0	0	0	0.0	0.0	0.0	
289	91	1	0.012	108.702	0.1	
289	90	1	93.513	77.6	0.2	
289	101	1	0.011	107.075	0.1	
289	100	1	82.598	77.522	0.2	
288	7	1	106.656	109.304	0.1	
289	6	1	122.496	122.068	0.1	
289	5	1	147.84	143.737	0.8	
0	0	0	0.0	0.0	0.0	
290	91	1	0.0	108.702	0.1	
290	90	1	0.0	77.6	0.1	
290	101	1	0.0	107.075	0.1	
290	100	1	0.0	77.522	0.1	
288	7	1	106.656	109.304	0.1	
290	6	1	121.44	122.068	0.1	
290	5	1	144.672	143.737	0.266	
0	0	0	0.0	0.0	0.0	
291	91	1	0.0	108.702	0.1	
291	90	1	0.0	77.6	0.1	
291	101	1	0.0	107.075	0.1	
291	100	1	0.0	77.522	0.1	
288	7	1	106.656	109.304	0.1	
291	6	1	122.496	122.068	0.1	
291	5	1	143.616	143.737	0.1	
0	0	0	0.0	0.0	0.0	
292	91	1	120.544	108.802	0.1	
292	90	1	86.823	77.7	0.1	
292	101	1	112.568	107.175	0.1	
292	100	1	82.598	77.622	0.1	
292	7	1	106.656	109.104	0.2	
292	6	1	121.44	122.068	0.1	
292	5	1	144.672	143.737	0.1	
0	0	0	0.0	0.0	0.0	
293	91	1	112.95	109.002	0.2	
293	90	1	83.778	77.9	0.2	
293	101	1	112.568	107.375	0.2	
293	100	1	82.598	77.822	0.2	
293	7	1	108.768	109.104	0.1	
293	6	1	121.44	122.068	0.1	
293	5	1	143.616	143.737	0.1	
0	0	0	0.0	0.0	0.0	
293	91	1	112.95	109.002	0.2	
293	90	1	83.778	77.9	0.2	
293	101	1	112.568	107.375	0.2	
293	100	1	82.598	77.822	0.2	
293	7	1	108.768	109.104	0.1	
294	6	1	121.44	122.068	0.1	
294	5	1	142.56	143.637	0.1	
0	0	0	0.0	0.0	0.0	
293	91	1	112.95	109.002	0.2	
293	90	1	83.778	77.9	0.2	
293	101	1	112.568	107.375	0.2	
293	100	1	82.598	77.822	0.2	
293	7	1	108.768	109.104	0.1	
295	6	1	123.552	122.168	0.1	
295	5	1	142.56	143.437	0.2	
0	0	0	0.0	0.0	0.0	
296	91	1	115.236	109.402	0.4	
296	90	1	81.202	78.3	0.4	
296	101	1	111.924	107.775	0.4	
296	100	1	81.493	78.222	0.4	
296	7	1	107.712	109.004	0.1	
296	6	1	122.496	122.168	0.1	
296	5	1	143.616	143.437	0.1	
0	0	0	0.0	0.0	0.0	
297	91	1	114.478	110.202	0.8	
297	90	1	78.18	78.3	0.133	
297	101	1	112.36	108.575	0.8	
297	100	1	81.493	79.022	0.8	
297	7	1	106.656	108.804	0.2	
297	6	1	122.496	122.168	0.1	
297	5	1	142.56	143.437	0.1	
0	0	0	0.0	0.0	0.0	
298	91	1	102.936	109.935	0.266	
298	90	1	75.582	78.166	0.133	
298	101	1	112.142	110.175	1.6	
298	100	1	81.248	80.622	1.6	
298	7	1	111.936	108.904	0.1	
298	6	1	123.552	122.268	0.1	
298	5	1	142.56	143.437	0.1	
0	0	0	0.0	0.0	0.0	
298	91	1	102.936	109.935	0.266	
298	90	1	75.582	78.166	0.133	
298	101	1	112.142	110.175	1.6	
298	100	1	81.248	80.622	1.6	
298	7	1	111.936	108.904	0.1	
299	6	1	122.496	122.268	0.1	
299	5	1	140.448	143.337	0.1	
0	0	0	0.0	0.0	0.0	
298	91	1	102.936	109.935	0.266	
298	90	1	75.582	78.166	0.133	
298	101	1	112.142	110.175	1.6	
298	100	1	81.248	80.622	1.6	
298	7	1	111.936	108.904	0.1	
300	6	1	122.496	122.268	0.1	
300	5	1	141.504	143.137	0.2	
0	0	0	0.0	0.0	0.0	
301	91	1	101.643	109.402	0.533	
301	90	1	72.203	77.9	0.266	
301	101	1	110.139	110.175	0.533	
301	100	1	79.245	80.088	0.533	
301	7	1	109.824	108.904	0.1	
301	6	1	122.496	122.268	0.1	
301	5	1	140.448	142.737	0.4	
0	0	0	0.0	0.0	0.0	
301	91	1	101.643	109.402	0.533	
301	90	1	72.203	77.9	0.266	
301	101	1	110.139	110.175	0.533	
301	100	1	79.245	80.088	0.533	
301	7	1	109.824	108.904	0.1	
302	6	1	123.552	122.368	0.1	
302	5	1	141.504	141.937	0.8	
