0	0	0	0.0	0.0	0.0	
0	0	0	0.0	0.0	0.0	
0	0	0	0.0	0.0	0.0	
0	0	0	0.0	0.0	0.0	
0	0	0	0.0	0.0	0.0	
0	0	0	0.0	0.0	0.0	
0	0	0	0.0	0.0	0.0	
0	0	0	0.0	0.0	0.0	
0	0	0	0.0	0.0	0.0	
1	91	1	91.941	91.941	1.0	
1	90	1	104.932	104.932	1.0	
1	101	1	91.941	91.941	1.0	
1	100	1	104.932	104.932	1.0	
1	7	1	125.664	125.664	1.0	
1	6	1	120.384	120.384	1.0	
1	5	1	149.952	149.952	1.0	
0	0	0	0.0	0.0	0.0	
2	91	1	93.993	92.941	1.0	
2	90	1	102.122	103.932	1.0	
2	101	1	92.427	91.941	0.333	
2	100	1	105.524	104.932	0.333	
2	7	1	129.888	126.664	1.0	
2	6	1	126.72	121.384	1.0	
2	5	1	154.176	150.952	1.0	
0	0	0	0.0	0.0	0.0	
3	91	1	88.35	92.608	0.333	
3	90	1	98.164	101.932	2.0	
3	101	1	92.265	91.941	0.111	
3	100	1	105.327	104.932	0.111	
3	7	1	118.272	126.33	0.333	
3	6	1	114.048	121.05	0.333	
3	5	1	142.56	150.618	0.333	
0	0	0	0.0	0.0	0.0	
4	91	1	96.903	92.719	0.111	
4	90	1	106.627	102.599	0.666	
4	101	1	91.941	91.941	0.1	
4	100	1	104.932	104.932	0.1	
4	7	1	117.215	125.664	0.666	
4	6	1	112.992	120.384	0.666	
4	5	1	144.672	149.952	0.666	
0	0	0	0.0	0.0	0.0	
5	91	1	90.837	92.619	0.1	
5	90	1	98.164	102.377	0.222	
5	101	1	91.293	91.941	0.1	
5	100	1	104.144	104.932	0.1	
5	7	1	117.215	124.33	1.333	
5	6	1	114.048	119.05	1.333	
5	5	1	142.56	148.618	1.333	
0	0	0	0.0	0.0	0.0	
6	91	1	102.435	92.719	0.1	
6	90	1	107.297	102.477	0.1	
6	101	1	89.998	91.841	0.1	
6	100	1	102.567	104.832	0.1	
6	7	1	116.159	121.664	2.666	
6	6	1	114.048	116.384	2.666	
6	5	1	145.728	145.952	2.666	
0	0	0	0.0	0.0	0.0	
7	91	1	93.859	92.919	0.2	
7	90	1	98.766	102.377	0.1	
7	101	1	87.407	91.641	0.2	
7	100	1	99.413	104.632	0.2	
7	7	1	117.215	116.33	5.333	
7	6	1	115.104	111.05	5.333	
7	5	1	143.616	140.618	5.333	
0	0	0	0.0	0.0	0.0	
8	91	1	96.324	93.319	0.4	
8	90	1	101.186	102.177	0.2	
8	101	1	92.439	91.641	0.1	
8	100	1	100.464	104.232	0.4	
8	7	1	116.159	116.33	1.777	
8	6	1	114.048	112.828	1.777	
8	5	1	143.616	142.396	1.777	
0	0	0	0.0	0.0	0.0	
9	91	1	93.859	93.319	0.133	
9	90	1	101.186	102.177	0.1	
9	101	1	102.691	91.741	0.1	
9	100	1	102.567	103.432	0.8	
9	7	1	117.215	116.33	0.592	
9	6	1	114.048	116.384	3.555	
9	5	1	143.616	145.952	3.555	
0	0	0	0.0	0.0	0.0	
10	91	1	96.903	93.452	0.133	
10	90	1	104.23	102.277	0.1	
10	101	1	99.246	91.941	0.2	
10	100	1	101.866	101.832	1.6	
10	7	1	117.215	116.33	0.197	
10	6	1	114.048	115.198	1.185	
10	5	1	144.672	144.766	1.185	
0	0	0	0.0	0.0	0.0	
11	91	1	99.97	93.719	0.266	
11	90	1	104.877	102.477	0.2	
11	101	1	99.246	92.341	0.4	
11	100	1	101.866	101.832	0.533	
11	7	1	117.215	116.33	0.1	
11	6	1	115.104	115.198	0.395	
11	5	1	145.728	144.766	0.395	
0	0	0	0.0	0.0	0.0	
12	91	1	96.903	94.252	0.533	
12	90	1	104.23	102.877	0.4	
12	101	1	99.246	93.141	0.8	
12	100	1	102.775	101.832	0.177	
12	7	1	117.215	116.33	0.1	
12	6	1	114.048	114.803	0.395	
12	5	1	144.672	144.766	0.131	
0	0	0	0.0	0.0	0.0	
13	91	1	97.483	95.319	1.066	
13	90	1	102.435	102.877	0.133	
13	101	1	99.013	94.741	1.6	
13	100	1	102.472	101.832	0.1	
13	7	1	118.272	116.43	0.1	
13	6	1	116.159	114.935	0.131	
13	5	1	145.728	144.766	0.1	
0	0	0	0.0	0.0	0.0	
14	91	1	96.324	97.452	2.133	
14	90	1	101.186	102.744	0.133	
14	101	1	98.723	97.941	3.2	
14	100	1	102.183	101.832	0.1	
14	7	1	116.159	116.43	0.1	
14	6	1	114.048	114.935	0.1	
14	5	1	143.616	144.666	0.1	
0	0	0	0.0	0.0	0.0	
15	91	1	93.302	96.741	0.711	
15	90	1	95.744	102.477	0.266	
15	101	1	98.145	97.941	1.066	
15	100	1	101.605	101.832	0.1	
15	7	1	116.159	116.43	0.1	
15	6	1	115.104	114.935	0.1	
15	5	1	142.56	144.466	0.2	
0	0	0	0.0	0.0	0.0	
16	91	1	93.859	95.319	1.422	
16	90	1	103.583	102.577	0.1	
16	101	1	98.145	97.941	0.355	
16	100	1	101.834	101.832	0.1	
16	7	1	117.215	116.43	0.1	
16	6	1	112.992	114.835	0.1	
16	5	1	143.616	144.466	0.1	
0	0	0	0.0	0.0	0.0	
17	91	1	94.417	95.319	0.474	
17	90	1	104.23	102.777	0.2	
17	101	1	97.912	97.941	0.118	
17	100	1	101.834	101.832	0.1	
17	7	1	118.272	116.53	0.1	
17	6	1	114.048	114.835	0.1	
17	5	1	144.672	144.466	0.1	
0	0	0	0.0	0.0	0.0	
18	91	1	90.837	94.845	0.474	
18	90	1	95.744	102.677	0.1	
18	101	1	97.623	97.941	0.1	
18	100	1	101.545	101.832	0.1	
18	7	1	117.215	116.53	0.1	
18	6	1	115.104	114.835	0.1	
18	5	1	142.56	144.366	0.1	
0	0	0	0.0	0.0	0.0	
19	91	1	98.766	95.003	0.158	
19	90	1	98.766	102.477	0.2	
19	101	1	97.856	97.941	0.1	
19	100	1	101.545	101.832	0.1	
19	7	1	115.104	116.43	0.1	
19	6	1	115.104	114.835	0.1	
19	5	1	143.616	144.366	0.1	
0	0	0	0.0	0.0	0.0	
20	91	1	96.903	95.319	0.316	
20	90	1	106.627	102.577	0.1	
20	101	1	97.856	97.941	0.1	
20	100	1	101.775	101.832	0.1	
20	7	1	117.215	116.43	0.1	
20	6	1	112.992	114.735	0.1	
20	5	1	144.672	144.366	0.1	
0	0	0	0.0	0.0	0.0	
21	91	1	99.97	95.951	0.632	
21	90	1	109.694	102.777	0.2	
21	101	1	98.145	97.941	0.1	
21	100	1	102.522	101.832	0.1	
21	7	1	117.215	116.43	0.1	
21	6	1	112.992	114.535	0.2	
21	5	1	145.728	144.466	0.1	
0	0	0	0.0	0.0	0.0	
22	91	1	91.908	95.74	0.21	
22	90	1	101.81	102.777	0.1	
22	101	1	97.912	97.941	0.1	
22	100	1	102.522	101.832	0.1	
22	7	1	119.328	116.53	0.1	
22	6	1	115.104	114.535	0.1	
22	5	1	144.672	144.466	0.1	
0	0	0	0.0	0.0	0.0	
23	91	1	96.903	95.84	0.1	
23	90	1	104.23	102.877	0.1	
23	101	1	97.912	97.941	0.1	
23	100	1	102.522	101.832	0.1	
23	7	1	117.215	116.53	0.1	
23	6	1	114.048	114.535	0.1	
23	5	1	144.672	144.466	0.1	
0	0	0	0.0	0.0	0.0	
24	91	1	96.324	95.84	0.1	
24	90	1	101.186	102.777	0.1	
24	101	1	97.912	97.941	0.1	
24	100	1	102.522	101.832	0.1	
24	7	1	116.159	116.53	0.1	
24	6	1	114.048	114.535	0.1	
24	5	1	143.616	144.466	0.1	
0	0	0	0.0	0.0	0.0	
25	91	1	96.324	95.84	0.1	
25	90	1	98.766	102.577	0.2	
25	101	1	97.912	97.941	0.1	
25	100	1	102.522	101.832	0.1	
25	7	1	116.159	116.53	0.1	
25	6	1	115.104	114.535	0.1	
25	5	1	143.616	144.466	0.1	
0	0	0	0.0	0.0	0.0	
26	91	1	73.341	95.74	0.1	
26	90	1	96.324	102.177	0.4	
26	101	1	97.679	97.941	0.1	
26	100	1	102.293	101.832	0.1	
26	7	1	125.664	116.63	0.1	
26	6	1	116.159	114.635	0.1	
26	5	1	143.616	144.466	0.1	
0	0	0	0.0	0.0	0.0	
27	91	1	99.368	95.84	0.1	
27	90	1	101.81	102.177	0.133	
27	101	1	97.679	97.941	0.1	
27	100	1	102.293	101.832	0.1	
27	7	1	116.159	116.63	0.1	
27	6	1	115.104	114.635	0.1	
27	5	1	144.672	144.466	0.1	
0	0	0	0.0	0.0	0.0	
28	91	1	74.099	95.74	0.1	
28	90	1	104.877	102.31	0.133	
28	101	1	97.735	97.941	0.1	
28	100	1	102.582	101.832	0.1	
28	7	1	127.776	116.73	0.1	
28	6	1	115.104	114.635	0.1	
28	5	1	145.728	144.566	0.1	
0	0	0	0.0	0.0	0.0	
28	91	1	74.099	95.74	0.1	
28	90	1	104.877	102.31	0.133	
28	101	1	97.735	97.941	0.1	
28	100	1	102.582	101.832	0.1	
28	7	1	127.776	116.73	0.1	
29	6	1	114.048	114.635	0.1	
29	5	1	142.56	144.466	0.1	
0	0	0	0.0	0.0	0.0	
30	91	1	85.841	95.54	0.2	
30	90	1	98.164	102.21	0.1	
30	101	1	96.401	97.841	0.1	
30	100	1	101.716	101.832	0.1	
30	7	1	119.328	116.93	0.2	
30	6	1	114.048	114.635	0.1	
30	5	1	142.56	144.266	0.2	
0	0	0	0.0	0.0	0.0	
31	91	1	93.302	95.14	0.4	
31	90	1	98.164	102.01	0.2	
31	101	1	95.248	97.641	0.2	
31	100	1	100.563	101.732	0.1	
31	7	1	116.159	116.93	0.1	
31	6	1	114.048	114.635	0.1	
31	5	1	142.56	143.866	0.4	
0	0	0	0.0	0.0	0.0	
31	91	1	93.302	95.14	0.4	
31	90	1	98.164	102.01	0.2	
31	101	1	95.248	97.641	0.2	
31	100	1	100.563	101.732	0.1	
31	7	1	116.159	116.93	0.1	
32	6	1	115.104	114.635	0.1	
32	5	1	142.56	143.066	0.8	
0	0	0	0.0	0.0	0.0	
33	91	1	93.859	94.34	0.8	
33	90	1	101.186	102.01	0.1	
33	101	1	92.953	97.241	0.4	
33	100	1	98.268	101.532	0.2	
33	7	1	117.215	116.93	0.1	
33	6	1	114.048	114.635	0.1	
33	5	1	143.616	143.066	0.266	
0	0	0	0.0	0.0	0.0	
34	91	1	74.478	92.74	1.6	
34	90	1	107.966	102.11	0.1	
34	101	1	93.483	96.441	0.8	
34	100	1	99.032	101.132	0.4	
34	7	1	128.832	117.03	0.1	
34	6	1	115.104	114.635	0.1	
34	5	1	146.784	143.333	0.266	
0	0	0	0.0	0.0	0.0	
35	91	1	97.483	93.274	0.533	
35	90	1	107.297	102.31	0.2	
35	101	1	94.546	94.841	1.6	
35	100	1	100.563	101.132	0.133	
35	7	1	118.272	117.23	0.2	
35	6	1	114.048	114.635	0.1	
35	5	1	145.728	143.866	0.533	
0	0	0	0.0	0.0	0.0	
36	91	1	93.859	93.274	0.177	
36	90	1	103.583	102.71	0.4	
36	101	1	94.546	94.841	0.533	
36	100	1	100.792	101.132	0.1	
36	7	1	117.215	117.23	0.1	
36	6	1	112.992	114.535	0.1	
36	5	1	143.616	143.866	0.177	
0	0	0	0.0	0.0	0.0	
37	91	1	85.351	93.096	0.177	
37	90	1	95.164	102.577	0.133	
37	101	1	93.8	94.308	0.533	
37	100	1	100.281	101.132	0.1	
37	7	1	118.272	117.33	0.1	
37	6	1	114.048	114.535	0.1	
37	5	1	141.504	143.689	0.177	
0	0	0	0.0	0.0	0.0	
38	91	1	88.35	92.74	0.355	
38	90	1	100.561	102.31	0.266	
38	101	1	92.78	93.241	1.066	
38	100	1	99.49	101.032	0.1	
38	7	1	118.272	117.33	0.1	
38	6	1	112.992	114.435	0.1	
38	5	1	142.56	143.333	0.355	
0	0	0	0.0	0.0	0.0	
39	91	1	97.483	92.859	0.118	
39	90	1	109.694	102.41	0.1	
39	101	1	93.119	93.241	0.355	
39	100	1	100.287	101.032	0.1	
39	7	1	118.272	117.33	0.1	
39	6	1	112.992	114.235	0.2	
39	5	1	145.728	143.452	0.118	
0	0	0	0.0	0.0	0.0	
40	91	1	94.974	93.096	0.237	
40	90	1	109.694	102.61	0.2	
40	101	1	93.565	93.241	0.118	
40	100	1	101.88	101.032	0.1	
40	7	1	119.328	117.43	0.1	
40	6	1	112.992	113.835	0.4	
40	5	1	145.728	143.689	0.237	
0	0	0	0.0	0.0	0.0	
41	91	1	94.974	93.57	0.474	
41	90	1	102.435	102.61	0.1	
41	101	1	94.46	93.36	0.118	
41	100	1	102.941	101.132	0.1	
41	7	1	119.328	117.63	0.2	
41	6	1	116.159	113.968	0.133	
41	5	1	145.728	144.163	0.474	
0	0	0	0.0	0.0	0.0	
41	91	1	94.974	93.57	0.474	
41	90	1	102.435	102.61	0.1	
41	101	1	94.46	93.36	0.118	
41	100	1	102.941	101.132	0.1	
41	7	1	119.328	117.63	0.2	
42	6	1	112.992	113.968	0.1	
42	5	1	145.728	145.111	0.948	
0	0	0	0.0	0.0	0.0	
43	91	1	63.126	93.412	0.158	
43	90	1	102.435	102.61	0.1	
43	101	1	96.26	93.597	0.237	
43	100	1	105.455	101.332	0.2	
43	7	1	132.0	118.03	0.4	
43	6	1	116.159	114.068	0.1	
43	5	1	145.728	145.111	0.316	
0	0	0	0.0	0.0	0.0	
44	91	1	88.35	93.096	0.316	
44	90	1	95.744	102.51	0.1	
44	101	1	95.344	94.071	0.474	
44	100	1	104.082	101.732	0.4	
44	7	1	118.272	118.03	0.133	
44	6	1	115.104	114.268	0.2	
44	5	1	142.56	144.795	0.316	
0	0	0	0.0	0.0	0.0	
45	91	1	99.368	93.201	0.105	
45	90	1	99.368	102.31	0.2	
45	101	1	95.658	95.019	0.948	
45	100	1	103.167	102.532	0.8	
45	7	1	116.159	117.897	0.133	
45	6	1	116.159	114.668	0.4	
45	5	1	144.672	144.795	0.105	
0	0	0	0.0	0.0	0.0	
46	91	1	96.903	93.412	0.21	
46	90	1	101.81	102.31	0.1	
46	101	1	95.658	95.019	0.316	
46	100	1	103.167	102.532	0.266	
46	7	1	117.215	117.897	0.1	
46	6	1	115.104	114.668	0.133	
46	5	1	144.672	144.795	0.1	
0	0	0	0.0	0.0	0.0	
47	91	1	102.435	93.833	0.421	
47	90	1	107.297	102.41	0.1	
47	101	1	95.894	95.019	0.105	
47	100	1	103.167	102.532	0.1	
47	7	1	116.159	117.797	0.1	
47	6	1	114.048	114.668	0.1	
47	5	1	145.728	144.795	0.1	
0	0	0	0.0	0.0	0.0	
48	91	1	93.859	93.833	0.14	
48	90	1	96.324	102.31	0.1	
48	101	1	95.604	95.019	0.1	
48	100	1	102.648	102.532	0.1	
48	7	1	117.215	117.797	0.1	
48	6	1	116.159	114.768	0.1	
48	5	1	143.616	144.695	0.1	
0	0	0	0.0	0.0	0.0	
49	91	1	94.417	93.833	0.1	
49	90	1	104.23	102.41	0.1	
49	101	1	95.604	95.019	0.1	
49	100	1	102.648	102.532	0.1	
49	7	1	118.272	117.797	0.1	
49	6	1	114.048	114.768	0.1	
49	5	1	144.672	144.695	0.1	
0	0	0	0.0	0.0	0.0	
50	91	1	96.903	93.933	0.1	
50	90	1	104.23	102.61	0.2	
50	101	1	95.604	95.019	0.1	
50	100	1	102.648	102.532	0.1	
50	7	1	117.215	117.797	0.1	
50	6	1	114.048	114.768	0.1	
50	5	1	144.672	144.695	0.1	
0	0	0	0.0	0.0	0.0	
51	91	1	85.841	93.833	0.1	
51	90	1	98.164	102.51	0.1	
51	101	1	95.079	95.019	0.1	
51	100	1	102.358	102.532	0.1	
51	7	1	119.328	117.897	0.1	
51	6	1	114.048	114.768	0.1	
51	5	1	142.56	144.595	0.1	
0	0	0	0.0	0.0	0.0	
52	91	1	94.417	93.833	0.1	
52	90	1	109.003	102.61	0.1	
52	101	1	95.079	95.019	0.1	
52	100	1	102.588	102.532	0.1	
52	7	1	118.272	117.897	0.1	
52	6	1	111.936	114.668	0.1	
52	5	1	144.672	144.595	0.1	
0	0	0	0.0	0.0	0.0	
53	91	1	94.417	93.833	0.1	
53	90	1	104.23	102.81	0.2	
53	101	1	95.079	95.019	0.1	
53	100	1	102.588	102.532	0.1	
53	7	1	118.272	117.897	0.1	
53	6	1	114.048	114.668	0.1	
53	5	1	144.672	144.595	0.1	
0	0	0	0.0	0.0	0.0	
54	91	1	96.903	93.933	0.1	
54	90	1	104.23	103.21	0.4	
54	101	1	95.079	95.019	0.1	
54	100	1	102.588	102.532	0.1	
54	7	1	117.215	117.897	0.1	
54	6	1	114.048	114.668	0.1	
54	5	1	144.672	144.595	0.1	
0	0	0	0.0	0.0	0.0	
55	91	1	64.966	93.833	0.1	
55	90	1	98.164	103.077	0.133	
55	101	1	94.554	95.019	0.1	
55	100	1	102.299	102.532	0.1	
55	7	1	127.776	117.997	0.1	
55	6	1	114.048	114.668	0.1	
55	5	1	142.56	144.495	0.1	
0	0	0	0.0	0.0	0.0	
56	91	1	67.653	93.633	0.2	
56	90	1	100.561	102.81	0.266	
56	101	1	93.504	94.919	0.1	
56	100	1	101.95	102.532	0.1	
56	7	1	126.72	118.197	0.2	
56	6	1	112.992	114.568	0.1	
56	5	1	142.56	144.295	0.2	
0	0	0	0.0	0.0	0.0	
57	91	1	93.859	93.633	0.1	
57	90	1	101.186	102.277	0.533	
57	101	1	93.504	94.719	0.2	
57	100	1	101.95	102.532	0.1	
57	7	1	117.215	118.197	0.1	
57	6	1	114.048	114.568	0.1	
57	5	1	143.616	144.295	0.1	
0	0	0	0.0	0.0	0.0	
58	91	1	91.372	93.533	0.1	
58	90	1	101.186	101.21	1.066	
58	101	1	93.504	94.319	0.4	
58	100	1	101.95	102.532	0.1	
58	7	1	118.272	118.197	0.1	
58	6	1	114.048	114.568	0.1	
58	5	1	143.616	144.295	0.1	
0	0	0	0.0	0.0	0.0	
59	91	1	96.324	93.633	0.1	
59	90	1	101.186	101.21	0.355	
59	101	1	93.741	94.319	0.133	
59	100	1	101.95	102.532	0.1	
59	7	1	116.159	118.097	0.1	
59	6	1	114.048	114.568	0.1	
59	5	1	143.616	144.295	0.1	
0	0	0	0.0	0.0	0.0	
60	91	1	96.324	93.833	0.2	
60	90	1	98.766	100.855	0.355	
60	101	1	94.213	94.319	0.1	
60	100	1	101.95	102.532	0.1	
60	7	1	116.159	117.897	0.2	
60	6	1	115.104	114.568	0.1	
60	5	1	143.616	144.295	0.1	
0	0	0	0.0	0.0	0.0	
61	91	1	91.372	93.733	0.1	
61	90	1	101.186	100.855	0.118	
61	101	1	94.213	94.319	0.1	
61	100	1	101.95	102.532	0.1	
61	7	1	118.272	117.897	0.1	
61	6	1	114.048	114.568	0.1	
61	5	1	143.616	144.295	0.1	
0	0	0	0.0	0.0	0.0	
62	91	1	93.859	93.733	0.1	
62	90	1	98.766	100.736	0.118	
62	101	1	94.213	94.319	0.1	
62	100	1	101.95	102.532	0.1	
62	7	1	117.215	117.897	0.1	
62	6	1	115.104	114.568	0.1	
62	5	1	143.616	144.295	0.1	
0	0	0	0.0	0.0	0.0	
63	91	1	93.859	93.733	0.1	
63	90	1	101.186	100.736	0.1	
63	101	1	94.213	94.319	0.1	
63	100	1	101.95	102.532	0.1	
63	7	1	117.215	117.897	0.1	
63	6	1	114.048	114.568	0.1	
63	5	1	143.616	144.295	0.1	
0	0	0	0.0	0.0	0.0	
64	91	1	65.59	93.633	0.1	
64	90	1	96.903	100.636	0.1	
64	101	1	93.977	94.319	0.1	
64	100	1	101.721	102.532	0.1	
64	7	1	129.888	117.997	0.1	
64	6	1	117.215	114.668	0.1	
64	5	1	144.672	144.295	0.1	
0	0	0	0.0	0.0	0.0	
65	91	1	88.863	93.433	0.2	
65	90	1	101.186	100.636	0.1	
65	101	1	93.504	94.319	0.1	
65	100	1	101.721	102.532	0.1	
65	7	1	119.328	118.197	0.2	
65	6	1	114.048	114.668	0.1	
65	5	1	143.616	144.295	0.1	
0	0	0	0.0	0.0	0.0	
66	91	1	88.863	93.033	0.4	
66	90	1	98.766	100.536	0.1	
66	101	1	92.557	94.219	0.1	
66	100	1	101.721	102.532	0.1	
66	7	1	119.328	118.597	0.4	
66	6	1	115.104	114.668	0.1	
66	5	1	143.616	144.295	0.1	
0	0	0	0.0	0.0	0.0	
67	91	1	99.97	93.167	0.133	
67	90	1	107.297	100.636	0.1	
67	101	1	93.162	94.019	0.2	
67	100	1	102.01	102.532	0.1	
67	7	1	117.215	118.463	0.133	
67	6	1	114.048	114.668	0.1	
67	5	1	145.728	144.395	0.1	
0	0	0	0.0	0.0	0.0	
68	91	1	94.417	93.433	0.266	
68	90	1	101.81	100.836	0.2	
68	101	1	93.162	94.019	0.1	
68	100	1	102.01	102.532	0.1	
68	7	1	118.272	118.463	0.1	
68	6	1	115.104	114.668	0.1	
68	5	1	144.672	144.395	0.1	
0	0	0	0.0	0.0	0.0	
69	91	1	96.903	93.967	0.533	
69	90	1	109.003	101.236	0.4	
69	101	1	93.399	94.019	0.1	
69	100	1	102.239	102.532	0.1	
69	7	1	117.215	118.363	0.1	
69	6	1	111.936	114.568	0.1	
69	5	1	144.672	144.395	0.1	
0	0	0	0.0	0.0	0.0	
70	91	1	99.97	95.033	1.066	
70	90	1	109.694	102.036	0.8	
70	101	1	94.161	94.019	0.1	
70	100	1	102.986	102.532	0.1	
70	7	1	117.215	118.163	0.2	
70	6	1	112.992	114.368	0.2	
70	5	1	145.728	144.495	0.1	
0	0	0	0.0	0.0	0.0	
71	91	1	88.35	94.678	0.355	
71	90	1	95.744	101.769	0.266	
71	101	1	93.872	94.019	0.1	
71	100	1	102.697	102.532	0.1	
71	7	1	118.272	118.163	0.1	
71	6	1	115.104	114.368	0.1	
71	5	1	142.56	144.395	0.1	
0	0	0	0.0	0.0	0.0	
72	91	1	103.282	94.796	0.118	
72	90	1	105.546	101.869	0.1	
72	101	1	93.531	94.019	0.1	
72	100	1	102.348	102.532	0.1	
72	7	1	107.712	118.063	0.1	
72	6	1	106.656	114.268	0.1	
72	5	1	139.392	144.195	0.2	
0	0	0	0.0	0.0	0.0	
73	91	1	50.213	94.696	0.1	
73	90	1	51.317	101.769	0.1	
73	101	1	92.851	93.919	0.1	
73	100	1	101.653	102.532	0.1	
73	7	1	52.8	117.863	0.2	
73	6	1	51.744	114.068	0.2	
73	5	1	72.864	143.795	0.4	
0	0	0	0.0	0.0	0.0	
74	91	1	52.209	94.496	0.2	
74	90	1	54.439	101.569	0.2	
74	101	1	91.498	93.719	0.2	
74	100	1	100.27	102.432	0.1	
74	7	1	53.856	117.463	0.4	
74	6	1	51.744	113.668	0.4	
74	5	1	74.976	142.995	0.8	
0	0	0	0.0	0.0	0.0	
75	91	1	47.559	94.096	0.4	
75	90	1	48.685	101.169	0.4	
75	101	1	88.821	93.319	0.4	
75	100	1	97.532	102.232	0.2	
75	7	1	53.856	116.663	0.8	
75	6	1	52.8	112.868	0.8	
75	5	1	71.808	141.395	1.6	
0	0	0	0.0	0.0	0.0	
76	91	1	50.213	93.296	0.8	
76	90	1	50.213	100.369	0.8	
76	101	1	83.581	92.519	0.8	
76	100	1	92.171	101.832	0.4	
76	7	1	52.8	115.063	1.6	
76	6	1	52.8	111.268	1.6	
76	5	1	72.864	138.195	3.2	
0	0	0	0.0	0.0	0.0	
77	91	1	50.213	91.696	1.6	
77	90	1	50.213	98.769	1.6	
77	101	1	73.564	90.919	1.6	
77	100	1	81.911	101.032	0.8	
77	7	1	52.8	111.863	3.2	
77	6	1	52.8	108.068	3.2	
77	5	1	72.864	131.795	6.4	
0	0	0	0.0	0.0	0.0	
78	91	1	47.559	88.496	3.2	
78	90	1	49.789	95.569	3.2	
78	101	1	55.372	87.719	3.2	
78	100	1	63.233	99.432	1.6	
78	7	1	53.856	105.463	6.4	
78	6	1	51.744	101.668	6.4	
78	5	1	71.808	118.995	12.8	
0	0	0	0.0	0.0	0.0	
79	91	1	46.053	82.096	6.4	
79	90	1	48.284	89.169	6.4	
79	101	1	26.36	81.319	6.4	
79	100	1	33.25	96.232	3.2	
79	7	1	53.856	92.663	12.8	
79	6	1	51.744	88.868	12.8	
79	5	1	70.752	93.395	25.6	
0	0	0	0.0	0.0	0.0	
80	91	1	46.41	69.296	12.8	
80	90	1	47.559	76.369	12.8	
80	101	1	4294966.5	68.519	12.8	
80	100	1	3.802	89.832	6.4	
80	7	1	54.912	67.063	25.6	
80	6	1	53.856	63.268	25.6	
80	5	1	71.808	43.395	50.0	
0	0	0	0.0	0.0	0.0	
81	91	1	47.559	43.696	25.6	
81	90	1	47.559	50.769	25.6	
81	101	1	58.162	42.919	25.6	
81	100	1	59.313	77.032	12.8	
81	7	1	53.856	17.063	50.0	
81	6	1	53.856	13.268	50.0	
81	5	1	71.808	60.061	16.666	
0	0	0	0.0	0.0	0.0	
82	91	1	47.559	52.23	8.533	
82	90	1	48.685	1.0	50.0	
82	101	1	100.849	51.452	8.533	
82	100	1	103.265	81.299	4.266	
82	7	1	53.856	33.73	16.666	
82	6	1	52.8	29.935	16.666	
82	5	1	71.808	93.395	33.333	
0	0	0	0.0	0.0	0.0	
83	91	1	46.053	49.385	2.844	
83	90	1	47.18	17.666	16.666	
83	101	1	47.73	48.608	2.844	
83	100	1	52.677	79.877	1.422	
83	7	1	53.856	67.063	33.333	
83	6	1	52.8	63.268	33.333	
83	5	1	70.752	82.284	11.111	
0	0	0	0.0	0.0	0.0	
84	91	1	44.905	43.696	5.688	
84	90	1	46.053	51.0	33.333	
84	101	1	29.767	42.919	5.688	
84	100	1	33.87	77.032	2.844	
84	7	1	54.912	55.952	11.111	
84	6	1	53.856	52.157	11.111	
84	5	1	70.752	60.061	22.222	
0	0	0	0.0	0.0	0.0	
85	91	1	46.053	45.593	1.896	
85	90	1	46.053	39.888	11.111	
85	101	1	59.143	44.815	1.896	
85	100	1	39.316	71.344	5.688	
85	7	1	53.856	33.73	22.222	
85	6	1	53.856	55.861	3.703	
85	5	1	70.752	67.469	7.407	
0	0	0	0.0	0.0	0.0	
86	91	1	47.559	49.385	3.792	
86	90	1	47.559	43.592	3.703	
86	101	1	75.783	48.608	3.792	
86	100	1	62.865	59.966	11.377	
86	7	1	53.856	41.138	7.407	
86	6	1	53.856	54.626	1.234	
86	5	1	71.808	82.284	14.814	
0	0	0	0.0	0.0	0.0	
87	91	1	50.636	56.97	7.585	
87	90	1	52.867	51.0	7.407	
87	101	1	53.516	56.193	7.585	
87	100	1	57.619	37.21	22.755	
87	7	1	53.856	55.952	14.814	
87	6	1	51.744	52.157	2.469	
87	5	1	73.92	77.345	4.938	
0	0	0	0.0	0.0	0.0	
88	91	1	48.685	54.442	2.528	
88	90	1	49.789	48.53	2.469	
88	101	1	44.496	53.665	2.528	
88	100	1	43.316	44.795	7.585	
88	7	1	52.8	51.014	4.938	
88	6	1	51.744	52.157	0.823	
88	5	1	71.808	67.469	9.876	
0	0	0	0.0	0.0	0.0	
89	91	1	48.685	49.385	5.056	
89	90	1	48.685	48.53	0.823	
89	101	1	47.34	48.608	5.056	
89	100	1	47.867	59.966	15.17	
89	7	1	52.8	52.66	1.646	
89	6	1	52.8	52.157	0.274	
89	5	1	71.808	70.761	3.292	
0	0	0	0.0	0.0	0.0	
90	91	1	49.789	49.385	1.685	
90	90	1	48.685	48.53	0.274	
90	101	1	57.092	50.293	1.685	
90	100	1	57.619	54.909	5.056	
90	7	1	51.744	52.66	0.548	
90	6	1	52.8	52.157	0.1	
90	5	1	71.808	77.345	6.584	
0	0	0	0.0	0.0	0.0	
91	91	1	50.213	49.385	0.561	
91	90	1	50.213	48.805	0.274	
91	101	1	53.745	53.665	3.371	
91	100	1	54.272	54.909	1.685	
91	7	1	52.8	52.66	0.182	
91	6	1	52.8	52.157	0.1	
91	5	1	72.864	75.151	2.194	
0	0	0	0.0	0.0	0.0	
92	91	1	51.317	49.947	0.561	
92	90	1	51.317	49.353	0.548	
92	101	1	47.34	52.541	1.123	
92	100	1	47.867	53.223	1.685	
92	7	1	51.744	52.66	0.1	
92	6	1	51.744	52.157	0.1	
92	5	1	72.864	70.761	4.389	
0	0	0	0.0	0.0	0.0	
93	91	1	48.685	49.76	0.187	
93	90	1	48.685	49.353	0.182	
93	101	1	49.432	50.293	2.247	
93	100	1	49.959	49.852	3.371	
93	7	1	52.8	52.66	0.1	
93	6	1	52.8	52.157	0.1	
93	5	1	71.808	72.224	1.463	
0	0	0	0.0	0.0	0.0	
94	91	1	48.685	49.385	0.374	
94	90	1	48.685	49.353	0.1	
94	101	1	49.432	50.293	0.749	
94	100	1	49.959	49.852	1.123	
94	7	1	52.8	52.66	0.1	
94	6	1	52.8	52.157	0.1	
94	5	1	71.808	72.224	0.487	
0	0	0	0.0	0.0	0.0	
95	91	1	47.559	48.636	0.749	
95	90	1	49.789	49.353	0.1	
95	101	1	49.327	50.293	0.249	
95	100	1	49.959	49.852	0.374	
95	7	1	53.856	52.76	0.1	
95	6	1	51.744	52.157	0.1	
95	5	1	71.808	72.224	0.162	
0	0	0	0.0	0.0	0.0	
96	91	1	47.559	47.138	1.498	
96	90	1	49.789	49.353	0.1	
96	101	1	49.115	50.044	0.249	
96	100	1	49.959	49.852	0.124	
96	7	1	53.856	52.96	0.2	
96	6	1	51.744	52.157	0.1	
96	5	1	71.808	72.224	0.1	
0	0	0	0.0	0.0	0.0	
97	91	1	46.053	44.141	2.996	
97	90	1	48.284	49.253	0.1	
97	101	1	48.971	49.544	0.499	
97	100	1	49.815	49.852	0.1	
97	7	1	53.856	52.96	0.1	
97	6	1	51.744	52.157	0.1	
97	5	1	70.752	72.124	0.1	
0	0	0	0.0	0.0	0.0	
98	91	1	47.18	45.14	0.998	
98	90	1	47.18	49.053	0.2	
98	101	1	48.683	49.544	0.166	
98	100	1	49.527	49.852	0.1	
98	7	1	52.8	52.96	0.1	
98	6	1	52.8	52.157	0.1	
98	5	1	70.752	71.924	0.2	
0	0	0	0.0	0.0	0.0	
99	91	1	46.053	45.14	0.332	
99	90	1	48.284	49.053	0.1	
99	101	1	48.109	49.378	0.166	
99	100	1	48.953	49.852	0.1	
99	7	1	53.856	52.96	0.1	
99	6	1	51.744	52.157	0.1	
99	5	1	70.752	71.524	0.4	
0	0	0	0.0	0.0	0.0	
100	91	1	47.559	45.473	0.332	
100	90	1	49.789	49.053	0.1	
100	101	1	48.109	49.045	0.332	
100	100	1	48.953	49.852	0.1	
100	7	1	53.856	52.96	0.1	
100	6	1	51.744	52.157	0.1	
100	5	1	71.808	71.524	0.133	
0	0	0	0.0	0.0	0.0	
101	91	1	44.905	45.473	0.11	
101	90	1	47.18	48.953	0.1	
101	101	1	48.003	48.379	0.665	
101	100	1	48.953	49.852	0.1	
101	7	1	54.912	53.06	0.1	
101	6	1	52.8	52.157	0.1	
101	5	1	70.752	71.524	0.1	
0	0	0	0.0	0.0	0.0	
102	91	1	46.41	45.473	0.1	
102	90	1	49.789	48.953	0.1	
102	101	1	47.79	48.379	0.221	
102	100	1	48.953	49.852	0.1	
102	7	1	54.912	53.26	0.2	
102	6	1	51.744	52.157	0.1	
102	5	1	71.808	71.524	0.1	
0	0	0	0.0	0.0	0.0	
103	91	1	46.053	45.473	0.1	
103	90	1	47.18	48.853	0.1	
103	101	1	47.79	48.379	0.1	
103	100	1	48.953	49.852	0.1	
103	7	1	53.856	53.26	0.1	
103	6	1	52.8	52.157	0.1	
103	5	1	70.752	71.524	0.1	
0	0	0	0.0	0.0	0.0	
104	91	1	48.685	45.573	0.1	
104	90	1	48.685	48.853	0.1	
104	101	1	47.79	48.379	0.1	
104	100	1	48.953	49.852	0.1	
104	7	1	52.8	53.26	0.1	
104	6	1	52.8	52.157	0.1	
104	5	1	71.808	71.524	0.1	
0	0	0	0.0	0.0	0.0	
105	91	1	47.559	45.773	0.2	
105	90	1	49.789	48.853	0.1	
105	101	1	47.79	48.379	0.1	
105	100	1	48.953	49.852	0.1	
105	7	1	53.856	53.26	0.1	
105	6	1	51.744	52.157	0.1	
105	5	1	71.808	71.524	0.1	
0	0	0	0.0	0.0	0.0	
106	91	1	49.789	46.173	0.4	
106	90	1	48.685	48.853	0.1	
106	101	1	47.897	48.379	0.1	
106	100	1	48.953	49.852	0.1	
106	7	1	51.744	53.16	0.1	
106	6	1	52.8	52.157	0.1	
106	5	1	71.808	71.524	0.1	
0	0	0	0.0	0.0	0.0	
107	91	1	49.789	46.973	0.8	
107	90	1	49.789	48.853	0.1	
107	101	1	48.109	48.379	0.1	
107	100	1	48.953	49.852	0.1	
107	7	1	51.744	52.96	0.2	
107	6	1	51.744	52.157	0.1	
107	5	1	71.808	71.524	0.1	
0	0	0	0.0	0.0	0.0	
108	91	1	49.086	48.573	1.6	
108	90	1	51.317	48.953	0.1	
108	101	1	48.252	48.379	0.1	
108	100	1	49.096	49.852	0.1	
108	7	1	53.856	52.96	0.1	
108	6	1	51.744	52.157	0.1	
108	5	1	72.864	71.624	0.1	
0	0	0	0.0	0.0	0.0	
109	91	1	49.086	48.573	0.533	
109	90	1	51.317	49.153	0.2	
109	101	1	48.539	48.379	0.1	
109	100	1	49.383	49.852	0.1	
109	7	1	53.856	52.96	0.1	
109	6	1	51.744	52.157	0.1	
109	5	1	72.864	71.824	0.2	
0	0	0	0.0	0.0	0.0	
110	91	1	47.18	48.04	0.533	
110	90	1	49.365	49.153	0.1	
110	101	1	48.395	48.379	0.1	
110	100	1	49.344	49.852	0.1	
110	7	1	52.8	52.96	0.1	
110	6	1	50.688	52.057	0.1	
110	5	1	70.752	71.724	0.1	
0	0	0	0.0	0.0	0.0	
111	91	1	48.685	48.04	0.177	
111	90	1	49.789	49.153	0.1	
111	101	1	48.395	48.379	0.1	
111	100	1	49.344	49.852	0.1	
111	7	1	52.8	52.96	0.1	
111	6	1	51.744	52.057	0.1	
111	5	1	71.808	71.724	0.1	
0	0	0	0.0	0.0	0.0	
112	91	1	49.086	48.217	0.177	
112	90	1	49.086	49.153	0.1	
112	101	1	48.539	48.379	0.1	
112	100	1	49.383	49.852	0.1	
112	7	1	53.856	52.96	0.1	
112	6	1	53.856	52.157	0.1	
112	5	1	72.864	71.824	0.1	
0	0	0	0.0	0.0	0.0	
113	91	1	50.213	48.573	0.355	
113	90	1	51.317	49.253	0.1	
113	101	1	48.827	48.379	0.1	
113	100	1	49.671	49.852	0.1	
113	7	1	52.8	52.96	0.1	
113	6	1	51.744	52.157	0.1	
113	5	1	72.864	72.024	0.2	
0	0	0	0.0	0.0	0.0	
114	91	1	47.559	48.454	0.118	
114	90	1	48.685	49.253	0.1	
114	101	1	48.827	48.379	0.1	
114	100	1	49.671	49.852	0.1	
114	7	1	53.856	52.96	0.1	
114	6	1	52.8	52.157	0.1	
114	5	1	71.808	72.024	0.1	
0	0	0	0.0	0.0	0.0	
115	91	1	44.905	48.217	0.237	
115	90	1	46.053	49.153	0.1	
115	101	1	48.577	48.379	0.1	
115	100	1	49.422	49.852	0.1	
115	7	1	54.912	53.06	0.1	
115	6	1	53.856	52.257	0.1	
115	5	1	70.752	71.924	0.1	
0	0	0	0.0	0.0	0.0	
116	91	1	47.559	48.217	0.1	
116	90	1	47.559	48.953	0.2	
116	101	1	48.577	48.379	0.1	
116	100	1	49.213	49.852	0.1	
116	7	1	53.856	53.06	0.1	
116	6	1	53.856	52.457	0.2	
116	5	1	71.808	71.924	0.1	
0	0	0	0.0	0.0	0.0	
117	91	1	47.559	48.217	0.1	
117	90	1	47.559	48.553	0.4	
117	101	1	48.577	48.379	0.1	
117	100	1	48.792	49.752	0.1	
117	7	1	53.856	53.06	0.1	
117	6	1	53.856	52.857	0.4	
117	5	1	71.808	71.924	0.1	
0	0	0	0.0	0.0	0.0	
118	91	1	46.41	48.117	0.1	
118	90	1	47.559	48.553	0.133	
118	101	1	48.47	48.379	0.1	
118	100	1	48.792	49.752	0.1	
118	7	1	54.912	53.16	0.1	
118	6	1	53.856	52.857	0.133	
118	5	1	71.808	71.924	0.1	
0	0	0	0.0	0.0	0.0	
119	91	1	44.905	47.917	0.2	
119	90	1	47.18	48.42	0.133	
119	101	1	48.114	48.379	0.1	
119	100	1	48.648	49.652	0.1	
119	7	1	54.912	53.36	0.2	
119	6	1	52.8	52.857	0.1	
119	5	1	70.752	71.824	0.1	
0	0	0	0.0	0.0	0.0	
120	91	1	46.053	47.517	0.4	
120	90	1	46.053	48.153	0.266	
120	101	1	47.827	48.379	0.1	
120	100	1	48.361	49.452	0.2	
120	7	1	53.856	53.36	0.1	
120	6	1	53.856	52.857	0.1	
120	5	1	70.752	71.624	0.2	
0	0	0	0.0	0.0	0.0	
121	91	1	46.053	46.717	0.8	
121	90	1	47.18	48.153	0.1	
121	101	1	47.827	48.379	0.1	
121	100	1	48.361	49.052	0.4	
121	7	1	53.856	53.36	0.1	
121	6	1	52.8	52.857	0.1	
121	5	1	70.752	71.624	0.1	
0	0	0	0.0	0.0	0.0	
122	91	1	47.559	46.717	0.266	
122	90	1	49.789	48.253	0.1	
122	101	1	47.827	48.379	0.1	
122	100	1	48.467	49.052	0.133	
122	7	1	53.856	53.36	0.1	
122	6	1	51.744	52.757	0.1	
122	5	1	71.808	71.624	0.1	
0	0	0	0.0	0.0	0.0	
123	91	1	48.685	46.984	0.266	
123	90	1	49.789	48.453	0.2	
123	101	1	47.827	48.379	0.1	
123	100	1	48.677	49.052	0.1	
123	7	1	52.8	53.36	0.1	
123	6	1	51.744	52.557	0.2	
123	5	1	71.808	71.624	0.1	
0	0	0	0.0	0.0	0.0	
124	91	1	47.559	46.984	0.1	
124	90	1	49.789	48.853	0.4	
124	101	1	47.827	48.379	0.1	
124	100	1	48.677	49.052	0.1	
124	7	1	53.856	53.36	0.1	
124	6	1	51.744	52.557	0.1	
124	5	1	71.808	71.624	0.1	
0	0	0	0.0	0.0	0.0	
125	91	1	49.789	47.084	0.1	
125	90	1	50.871	49.653	0.8	
125	101	1	47.933	48.379	0.1	
125	100	1	48.782	49.052	0.1	
125	7	1	51.744	53.26	0.1	
125	6	1	50.688	52.457	0.1	
125	5	1	71.808	71.624	0.1	
0	0	0	0.0	0.0	0.0	
126	91	1	48.685	47.284	0.2	
126	90	1	49.789	49.653	0.266	
126	101	1	47.933	48.379	0.1	
126	100	1	48.782	49.052	0.1	
126	7	1	52.8	53.26	0.1	
126	6	1	51.744	52.457	0.1	
126	5	1	71.808	71.624	0.1	
0	0	0	0.0	0.0	0.0	
127	91	1	50.213	47.684	0.4	
127	90	1	51.317	49.92	0.266	
127	101	1	48.077	48.379	0.1	
127	100	1	48.926	49.052	0.1	
127	7	1	52.8	53.26	0.1	
127	6	1	51.744	52.457	0.1	
127	5	1	72.864	71.724	0.1	
